"Conservation Feature","Feature Name","Target","Amount Held","Occurrence Target ","Occurrences Held","Separation Target ","Separation Achieved","Target Met","MPM"
21,,81.750000,82.000000,0,82,0,0,yes,1.000000
20,,47707603.081323,56622636.992154,0,10,0,0,yes,1.000000
19,,205595432.137848,414787101.924986,0,19,0,0,yes,1.000000
18,,6912402.709697,15185179.406914,0,1,0,0,yes,1.000000
17,,454391920.707954,534223625.306084,0,23,0,0,yes,1.000000
16,,296351780.189224,500606135.726585,0,16,0,0,yes,1.000000
15,,26205526.782636,57142018.061934,0,6,0,0,yes,1.000000
14,,12003992.311404,14191527.574978,0,6,0,0,yes,1.000000
13,,17863544.902068,18809298.741200,0,5,0,0,yes,1.000000
12,,705066430.688418,716054945.615167,0,16,0,0,yes,1.000000
11,,1003817025.933365,1188896523.602608,0,16,0,0,yes,1.000000
10,,1102896837.645510,1354716450.194838,0,14,0,0,yes,1.000000
9,,12125270.957123,23687988.245627,0,6,0,0,yes,1.000000
8,,2340142025.314821,3115311882.128738,0,30,0,0,yes,1.000000
7,,752792545.536678,760429432.212404,0,10,0,0,yes,1.000000
6,,566484374.762822,1281665710.340810,0,15,0,0,yes,1.000000
5,,1003389069.255157,1055233882.128733,0,11,0,0,yes,1.000000
4,,290422897.200464,791650098.211173,0,17,0,0,yes,1.000000
3,,1493331560.256336,1511640331.825513,0,14,0,0,yes,1.000000
2,,426394164.332597,532622631.822171,0,7,0,0,yes,1.000000
1,,222112856.130479,224061286.353789,0,6,0,0,yes,1.000000
