"Run_Number","Score","Cost","Planning_Units","Connectivity","Connectivity_Total","Connectivity_In","Connectivity_Edge","Connectivity_Out","Connectivity_In_Fraction","Penalty","Shortfall","Missing_Values","MPM"
1,66.000000,66.000000,66,0.000000,0.000000,0.000000,0.000000,0.000000,0.000000,0.000000,0.000000,0,1.000000
2,66.000000,66.000000,66,0.000000,0.000000,0.000000,0.000000,0.000000,0.000000,0.000000,0.000000,0,1.000000
3,67.000000,67.000000,67,0.000000,0.000000,0.000000,0.000000,0.000000,0.000000,0.000000,0.000000,0,1.000000
4,67.000000,67.000000,67,0.000000,0.000000,0.000000,0.000000,0.000000,0.000000,0.000000,0.000000,0,1.000000
5,71.000000,71.000000,71,0.000000,0.000000,0.000000,0.000000,0.000000,0.000000,0.000000,0.000000,0,1.000000
6,67.000000,67.000000,67,0.000000,0.000000,0.000000,0.000000,0.000000,0.000000,0.000000,0.000000,0,1.000000
7,67.000000,67.000000,67,0.000000,0.000000,0.000000,0.000000,0.000000,0.000000,0.000000,0.000000,0,1.000000
8,68.000000,68.000000,68,0.000000,0.000000,0.000000,0.000000,0.000000,0.000000,0.000000,0.000000,0,1.000000
9,67.000000,67.000000,67,0.000000,0.000000,0.000000,0.000000,0.000000,0.000000,0.000000,0.000000,0,1.000000
10,68.000000,68.000000,68,0.000000,0.000000,0.000000,0.000000,0.000000,0.000000,0.000000,0.000000,0,1.000000
11,68.000000,68.000000,68,0.000000,0.000000,0.000000,0.000000,0.000000,0.000000,0.000000,0.000000,0,1.000000
12,67.000000,67.000000,67,0.000000,0.000000,0.000000,0.000000,0.000000,0.000000,0.000000,0.000000,0,1.000000
13,66.000000,66.000000,66,0.000000,0.000000,0.000000,0.000000,0.000000,0.000000,0.000000,0.000000,0,1.000000
14,70.000000,70.000000,70,0.000000,0.000000,0.000000,0.000000,0.000000,0.000000,0.000000,0.000000,0,1.000000
15,69.000000,69.000000,69,0.000000,0.000000,0.000000,0.000000,0.000000,0.000000,0.000000,0.000000,0,1.000000
16,68.000000,68.000000,68,0.000000,0.000000,0.000000,0.000000,0.000000,0.000000,0.000000,0.000000,0,1.000000
17,67.000000,67.000000,67,0.000000,0.000000,0.000000,0.000000,0.000000,0.000000,0.000000,0.000000,0,1.000000
18,66.000000,66.000000,66,0.000000,0.000000,0.000000,0.000000,0.000000,0.000000,0.000000,0.000000,0,1.000000
19,65.000000,65.000000,65,0.000000,0.000000,0.000000,0.000000,0.000000,0.000000,0.000000,0.000000,0,1.000000
20,70.000000,70.000000,70,0.000000,0.000000,0.000000,0.000000,0.000000,0.000000,0.000000,0.000000,0,1.000000
21,68.000000,68.000000,68,0.000000,0.000000,0.000000,0.000000,0.000000,0.000000,0.000000,0.000000,0,1.000000
22,67.000000,67.000000,67,0.000000,0.000000,0.000000,0.000000,0.000000,0.000000,0.000000,0.000000,0,1.000000
23,69.000000,69.000000,69,0.000000,0.000000,0.000000,0.000000,0.000000,0.000000,0.000000,0.000000,0,1.000000
24,68.000000,68.000000,68,0.000000,0.000000,0.000000,0.000000,0.000000,0.000000,0.000000,0.000000,0,1.000000
25,67.000000,67.000000,67,0.000000,0.000000,0.000000,0.000000,0.000000,0.000000,0.000000,0.000000,0,1.000000
26,67.000000,67.000000,67,0.000000,0.000000,0.000000,0.000000,0.000000,0.000000,0.000000,0.000000,0,1.000000
27,66.000000,66.000000,66,0.000000,0.000000,0.000000,0.000000,0.000000,0.000000,0.000000,0.000000,0,1.000000
28,67.000000,67.000000,67,0.000000,0.000000,0.000000,0.000000,0.000000,0.000000,0.000000,0.000000,0,1.000000
29,68.000000,68.000000,68,0.000000,0.000000,0.000000,0.000000,0.000000,0.000000,0.000000,0.000000,0,1.000000
30,66.000000,66.000000,66,0.000000,0.000000,0.000000,0.000000,0.000000,0.000000,0.000000,0.000000,0,1.000000
31,66.000000,66.000000,66,0.000000,0.000000,0.000000,0.000000,0.000000,0.000000,0.000000,0.000000,0,1.000000
32,67.000000,67.000000,67,0.000000,0.000000,0.000000,0.000000,0.000000,0.000000,0.000000,0.000000,0,1.000000
33,67.000000,67.000000,67,0.000000,0.000000,0.000000,0.000000,0.000000,0.000000,0.000000,0.000000,0,1.000000
34,67.000000,67.000000,67,0.000000,0.000000,0.000000,0.000000,0.000000,0.000000,0.000000,0.000000,0,1.000000
35,68.000000,68.000000,68,0.000000,0.000000,0.000000,0.000000,0.000000,0.000000,0.000000,0.000000,0,1.000000
36,67.000000,67.000000,67,0.000000,0.000000,0.000000,0.000000,0.000000,0.000000,0.000000,0.000000,0,1.000000
37,67.000000,67.000000,67,0.000000,0.000000,0.000000,0.000000,0.000000,0.000000,0.000000,0.000000,0,1.000000
38,66.000000,66.000000,66,0.000000,0.000000,0.000000,0.000000,0.000000,0.000000,0.000000,0.000000,0,1.000000
39,68.000000,68.000000,68,0.000000,0.000000,0.000000,0.000000,0.000000,0.000000,0.000000,0.000000,0,1.000000
40,66.000000,66.000000,66,0.000000,0.000000,0.000000,0.000000,0.000000,0.000000,0.000000,0.000000,0,1.000000
41,67.000000,67.000000,67,0.000000,0.000000,0.000000,0.000000,0.000000,0.000000,0.000000,0.000000,0,1.000000
42,68.000000,68.000000,68,0.000000,0.000000,0.000000,0.000000,0.000000,0.000000,0.000000,0.000000,0,1.000000
43,66.000000,66.000000,66,0.000000,0.000000,0.000000,0.000000,0.000000,0.000000,0.000000,0.000000,0,1.000000
44,68.000000,68.000000,68,0.000000,0.000000,0.000000,0.000000,0.000000,0.000000,0.000000,0.000000,0,1.000000
45,68.000000,68.000000,68,0.000000,0.000000,0.000000,0.000000,0.000000,0.000000,0.000000,0.000000,0,1.000000
46,66.000000,66.000000,66,0.000000,0.000000,0.000000,0.000000,0.000000,0.000000,0.000000,0.000000,0,1.000000
47,65.000000,65.000000,65,0.000000,0.000000,0.000000,0.000000,0.000000,0.000000,0.000000,0.000000,0,1.000000
48,65.000000,65.000000,65,0.000000,0.000000,0.000000,0.000000,0.000000,0.000000,0.000000,0.000000,0,1.000000
49,66.000000,66.000000,66,0.000000,0.000000,0.000000,0.000000,0.000000,0.000000,0.000000,0.000000,0,1.000000
50,67.000000,67.000000,67,0.000000,0.000000,0.000000,0.000000,0.000000,0.000000,0.000000,0.000000,0,1.000000
51,67.000000,67.000000,67,0.000000,0.000000,0.000000,0.000000,0.000000,0.000000,0.000000,0.000000,0,1.000000
52,68.000000,68.000000,68,0.000000,0.000000,0.000000,0.000000,0.000000,0.000000,0.000000,0.000000,0,1.000000
53,67.000000,67.000000,67,0.000000,0.000000,0.000000,0.000000,0.000000,0.000000,0.000000,0.000000,0,1.000000
54,66.000000,66.000000,66,0.000000,0.000000,0.000000,0.000000,0.000000,0.000000,0.000000,0.000000,0,1.000000
55,65.000000,65.000000,65,0.000000,0.000000,0.000000,0.000000,0.000000,0.000000,0.000000,0.000000,0,1.000000
56,67.000000,67.000000,67,0.000000,0.000000,0.000000,0.000000,0.000000,0.000000,0.000000,0.000000,0,1.000000
57,67.000000,67.000000,67,0.000000,0.000000,0.000000,0.000000,0.000000,0.000000,0.000000,0.000000,0,1.000000
58,68.000000,68.000000,68,0.000000,0.000000,0.000000,0.000000,0.000000,0.000000,0.000000,0.000000,0,1.000000
59,66.000000,66.000000,66,0.000000,0.000000,0.000000,0.000000,0.000000,0.000000,0.000000,0.000000,0,1.000000
60,67.000000,67.000000,67,0.000000,0.000000,0.000000,0.000000,0.000000,0.000000,0.000000,0.000000,0,1.000000
61,67.000000,67.000000,67,0.000000,0.000000,0.000000,0.000000,0.000000,0.000000,0.000000,0.000000,0,1.000000
62,67.000000,67.000000,67,0.000000,0.000000,0.000000,0.000000,0.000000,0.000000,0.000000,0.000000,0,1.000000
63,67.000000,67.000000,67,0.000000,0.000000,0.000000,0.000000,0.000000,0.000000,0.000000,0.000000,0,1.000000
64,66.000000,66.000000,66,0.000000,0.000000,0.000000,0.000000,0.000000,0.000000,0.000000,0.000000,0,1.000000
65,66.000000,66.000000,66,0.000000,0.000000,0.000000,0.000000,0.000000,0.000000,0.000000,0.000000,0,1.000000
66,65.000000,65.000000,65,0.000000,0.000000,0.000000,0.000000,0.000000,0.000000,0.000000,0.000000,0,1.000000
67,67.000000,67.000000,67,0.000000,0.000000,0.000000,0.000000,0.000000,0.000000,0.000000,0.000000,0,1.000000
68,68.000000,68.000000,68,0.000000,0.000000,0.000000,0.000000,0.000000,0.000000,0.000000,0.000000,0,1.000000
69,67.000000,67.000000,67,0.000000,0.000000,0.000000,0.000000,0.000000,0.000000,0.000000,0.000000,0,1.000000
70,68.000000,68.000000,68,0.000000,0.000000,0.000000,0.000000,0.000000,0.000000,0.000000,0.000000,0,1.000000
71,66.000000,66.000000,66,0.000000,0.000000,0.000000,0.000000,0.000000,0.000000,0.000000,0.000000,0,1.000000
72,66.000000,66.000000,66,0.000000,0.000000,0.000000,0.000000,0.000000,0.000000,0.000000,0.000000,0,1.000000
73,66.000000,66.000000,66,0.000000,0.000000,0.000000,0.000000,0.000000,0.000000,0.000000,0.000000,0,1.000000
74,67.000000,67.000000,67,0.000000,0.000000,0.000000,0.000000,0.000000,0.000000,0.000000,0.000000,0,1.000000
75,68.000000,68.000000,68,0.000000,0.000000,0.000000,0.000000,0.000000,0.000000,0.000000,0.000000,0,1.000000
76,66.000000,66.000000,66,0.000000,0.000000,0.000000,0.000000,0.000000,0.000000,0.000000,0.000000,0,1.000000
77,68.000000,68.000000,68,0.000000,0.000000,0.000000,0.000000,0.000000,0.000000,0.000000,0.000000,0,1.000000
78,66.000000,66.000000,66,0.000000,0.000000,0.000000,0.000000,0.000000,0.000000,0.000000,0.000000,0,1.000000
79,66.000000,66.000000,66,0.000000,0.000000,0.000000,0.000000,0.000000,0.000000,0.000000,0.000000,0,1.000000
80,67.000000,67.000000,67,0.000000,0.000000,0.000000,0.000000,0.000000,0.000000,0.000000,0.000000,0,1.000000
81,67.000000,67.000000,67,0.000000,0.000000,0.000000,0.000000,0.000000,0.000000,0.000000,0.000000,0,1.000000
82,66.000000,66.000000,66,0.000000,0.000000,0.000000,0.000000,0.000000,0.000000,0.000000,0.000000,0,1.000000
83,67.000000,67.000000,67,0.000000,0.000000,0.000000,0.000000,0.000000,0.000000,0.000000,0.000000,0,1.000000
84,68.000000,68.000000,68,0.000000,0.000000,0.000000,0.000000,0.000000,0.000000,0.000000,0.000000,0,1.000000
85,69.000000,69.000000,69,0.000000,0.000000,0.000000,0.000000,0.000000,0.000000,0.000000,0.000000,0,1.000000
86,67.000000,67.000000,67,0.000000,0.000000,0.000000,0.000000,0.000000,0.000000,0.000000,0.000000,0,1.000000
87,67.000000,67.000000,67,0.000000,0.000000,0.000000,0.000000,0.000000,0.000000,0.000000,0.000000,0,1.000000
88,67.000000,67.000000,67,0.000000,0.000000,0.000000,0.000000,0.000000,0.000000,0.000000,0.000000,0,1.000000
89,67.000000,67.000000,67,0.000000,0.000000,0.000000,0.000000,0.000000,0.000000,0.000000,0.000000,0,1.000000
90,66.000000,66.000000,66,0.000000,0.000000,0.000000,0.000000,0.000000,0.000000,0.000000,0.000000,0,1.000000
91,67.000000,67.000000,67,0.000000,0.000000,0.000000,0.000000,0.000000,0.000000,0.000000,0.000000,0,1.000000
92,69.000000,69.000000,69,0.000000,0.000000,0.000000,0.000000,0.000000,0.000000,0.000000,0.000000,0,1.000000
93,66.000000,66.000000,66,0.000000,0.000000,0.000000,0.000000,0.000000,0.000000,0.000000,0.000000,0,1.000000
94,66.000000,66.000000,66,0.000000,0.000000,0.000000,0.000000,0.000000,0.000000,0.000000,0.000000,0,1.000000
95,68.000000,68.000000,68,0.000000,0.000000,0.000000,0.000000,0.000000,0.000000,0.000000,0.000000,0,1.000000
96,67.000000,67.000000,67,0.000000,0.000000,0.000000,0.000000,0.000000,0.000000,0.000000,0.000000,0,1.000000
97,67.000000,67.000000,67,0.000000,0.000000,0.000000,0.000000,0.000000,0.000000,0.000000,0.000000,0,1.000000
98,66.000000,66.000000,66,0.000000,0.000000,0.000000,0.000000,0.000000,0.000000,0.000000,0.000000,0,1.000000
99,66.000000,66.000000,66,0.000000,0.000000,0.000000,0.000000,0.000000,0.000000,0.000000,0.000000,0,1.000000
100,69.000000,69.000000,69,0.000000,0.000000,0.000000,0.000000,0.000000,0.000000,0.000000,0.000000,0,1.000000
