id	cost	status	xloc	yloc
1	1	0	144.764	-14.035
2	1	0	144.575	-13.960
3	1	0	144.522	-13.981
4	1	0	144.668	-14.086
5	1	0	144.525	-14.120
6	1	0	144.734	-14.173
7	1	0	144.653	-14.181
8	1	0	144.800	-14.177
9	1	0	144.892	-14.201
10	1	0	144.929	-14.214
11	1	0	144.743	-14.244
12	1	0	144.960	-14.227
13	1	0	145.002	-14.233
14	1	0	145.070	-14.270
15	1	0	145.165	-14.290
16	1	0	144.687	-14.295
17	1	0	144.795	-14.309
18	1	0	145.237	-14.314
19	1	0	144.740	-14.318
20	1	0	144.956	-14.328
21	1	0	144.859	-14.320
22	1	0	144.708	-14.336
23	1	0	145.277	-14.343
24	1	0	144.651	-14.343
25	1	0	145.018	-14.364
26	1	0	144.758	-14.360
27	1	0	145.346	-14.380
28	1	0	144.963	-14.374
29	1	0	145.103	-14.421
30	1	0	145.036	-14.399
31	1	0	144.950	-14.414
32	1	0	145.323	-14.421
33	1	0	145.221	-14.454
34	1	0	144.891	-14.426
35	1	0	145.410	-14.445
36	1	0	144.811	-14.425
37	1	0	145.481	-14.453
38	1	0	145.044	-14.444
39	1	0	144.959	-14.458
40	1	0	145.026	-14.474
41	1	0	144.894	-14.463
42	1	0	144.643	-14.474
43	1	0	144.698	-14.474
44	1	0	144.754	-14.476
45	1	0	145.537	-14.498
46	1	0	144.960	-14.478
47	1	0	144.968	-14.495
48	1	0	144.763	-14.501
49	1	0	144.913	-14.502
50	1	0	145.159	-14.506
51	1	0	144.974	-14.521
52	1	0	145.589	-14.548
53	1	0	144.990	-14.540
54	1	0	144.856	-14.540
55	1	0	144.922	-14.541
56	1	0	144.870	-14.549
57	1	0	144.905	-14.554
58	1	0	144.850	-14.551
59	1	0	144.927	-14.574
60	1	0	145.623	-14.599
61	1	0	144.935	-14.614
62	1	0	145.647	-14.644
63	1	0	145.253	-14.656
64	1	0	145.491	-14.651
65	1	0	145.650	-14.664
66	1	0	145.699	-14.832
67	1	0	145.449	-14.686
68	1	0	145.379	-14.711
69	1	0	145.538	-14.704
70	1	0	144.994	-14.712
71	1	0	145.162	-14.720
72	1	0	145.191	-14.727
73	1	0	145.584	-14.728
74	1	0	145.083	-14.736
75	1	0	145.511	-14.741
76	1	0	145.356	-14.761
77	1	0	145.527	-14.777
78	1	0	145.347	-14.786
79	1	0	145.136	-14.798
80	1	0	145.182	-14.816
81	1	0	145.529	-14.866
82	1	0	145.273	-14.850
83	1	0	145.558	-14.881
84	1	0	145.479	-14.896
85	1	0	145.511	-14.914
86	1	0	145.486	-14.938
87	1	0	145.682	-14.931
88	1	0	145.338	-14.942
89	1	0	145.689	-14.949
90	1	0	145.702	-14.992
91	1	0	145.569	-15.005
92	1	0	145.442	-15.023
93	1	0	145.696	-15.035
94	1	0	145.722	-15.075
95	1	0	145.567	-15.050
96	1	0	145.532	-15.049
97	1	0	145.670	-15.096
98	1	0	145.635	-15.099
99	1	0	145.269	-15.095
100	1	0	145.384	-15.097
101	1	0	145.576	-15.141
102	1	0	145.424	-15.109
103	1	0	145.697	-15.137
104	1	0	145.318	-15.138
105	1	0	145.743	-15.205
106	1	0	145.496	-15.166
107	1	0	145.268	-15.159
108	1	0	145.616	-15.198
109	1	0	145.557	-15.207
110	1	0	145.720	-15.241
111	1	0	145.541	-15.243
112	1	0	145.584	-15.251
113	1	0	145.748	-15.280
114	1	0	145.576	-15.291
115	1	0	145.764	-15.315
116	1	0	145.636	-15.318
117	1	0	145.647	-15.330
118	1	0	145.753	-15.334
119	1	0	145.782	-15.365
120	1	0	145.586	-15.359
121	1	0	145.765	-15.389
122	1	0	145.431	-15.413
123	1	0	145.770	-15.401
124	1	0	145.509	-15.428
125	1	0	145.799	-15.434
126	1	0	145.614	-15.427
127	1	0	145.659	-15.429
128	1	0	145.676	-15.461
129	1	0	145.419	-15.473
130	1	0	145.803	-15.490
131	1	0	145.501	-15.484
132	1	0	145.655	-15.485
133	1	0	145.289	-15.484
134	1	0	145.618	-15.503
135	1	0	145.328	-15.505
136	1	0	145.548	-15.507
137	1	0	145.527	-15.553
138	1	0	145.779	-15.518
139	1	0	145.781	-15.530
140	1	0	145.353	-15.535
141	1	0	145.641	-15.535
142	1	0	145.794	-15.559
143	1	0	145.303	-15.546
144	1	0	145.651	-15.558
145	1	0	145.597	-15.559
146	1	0	145.627	-15.609
147	1	0	145.515	-15.609
148	1	0	145.804	-15.607
149	1	0	145.499	-15.691
150	1	0	145.508	-15.630
151	1	0	145.805	-15.648
152	1	0	145.717	-15.647
153	1	0	145.429	-15.644
154	1	0	145.395	-15.709
155	1	0	145.439	-15.706
156	1	0	145.429	-15.707
157	1	0	145.405	-15.710
158	1	0	145.798	-15.719
159	1	0	145.456	-15.734
160	1	0	145.438	-15.742
161	1	0	145.779	-15.748
162	1	0	145.581	-15.778
163	1	0	145.797	-15.792
164	1	0	145.819	-15.827
165	1	0	145.773	-15.822
166	1	0	145.794	-15.876
167	1	0	145.574	-15.874
168	1	0	145.658	-15.906
169	1	0	145.396	-15.912
170	1	0	145.818	-15.949
171	1	0	145.670	-15.974
172	1	0	145.831	-15.992
173	1	0	145.766	-16.006
174	1	0	145.791	-16.019
175	1	0	145.711	-16.031
176	1	0	145.651	-16.045
177	1	0	145.736	-16.056
178	1	0	145.836	-16.107
179	1	0	145.724	-16.079
180	1	0	145.757	-16.076
181	1	0	145.696	-16.193
182	1	0	145.890	-16.216
183	1	0	145.639	-16.180
184	1	0	145.793	-16.212
185	1	0	145.809	-16.325
186	1	0	145.769	-16.353
187	1	0	145.767	-16.414
188	1	0	145.565	-16.386
189	1	0	145.427	-16.397
190	1	0	145.998	-16.429
191	1	0	145.989	-16.466
192	1	0	146.013	-16.520
193	1	0	145.527	-16.524
194	1	0	145.542	-16.529
195	1	0	145.861	-16.545
196	1	0	146.018	-16.583
197	1	0	145.551	-16.557
198	1	0	145.532	-16.565
199	1	0	145.981	-16.581
200	1	0	145.935	-16.641
201	1	0	145.993	-16.653
202	1	0	146.052	-16.700
203	1	0	145.940	-16.673
204	1	0	146.254	-16.689
205	1	0	145.686	-16.729
206	1	0	145.688	-16.734
207	1	0	146.272	-16.736
208	1	0	145.992	-16.768
209	1	0	146.273	-16.790
210	1	0	146.185	-16.803
211	1	0	146.216	-16.873
212	1	0	146.352	-16.854
213	1	0	146.398	-16.875
214	1	0	146.249	-16.915
215	1	0	146.450	-16.938
216	1	0	146.208	-16.938
217	1	0	146.217	-17.014
218	1	0	146.186	-17.073
219	1	0	146.342	-17.104
220	1	0	146.410	-17.099
221	1	0	146.469	-17.126
222	1	0	146.011	-17.150
223	1	0	146.292	-17.184
224	1	0	146.368	-17.195
225	1	0	146.077	-17.211
226	1	0	146.483	-17.233
227	1	0	146.092	-17.224
228	1	0	146.366	-17.294
229	1	0	146.443	-17.288
230	1	0	146.390	-17.392
231	1	0	146.545	-17.431
232	1	0	146.507	-17.441
233	1	0	146.480	-17.442
234	1	0	146.457	-17.453
235	1	0	146.459	-17.475
236	1	0	146.391	-17.484
237	1	0	146.525	-17.524
238	1	0	146.379	-17.529
239	1	0	146.578	-17.580
240	1	0	146.453	-17.611
241	1	0	146.466	-17.655
242	1	0	146.158	-17.654
243	1	0	146.545	-17.700
244	1	0	146.168	-17.672
245	1	0	146.396	-17.723
246	1	0	146.503	-17.741
247	1	0	146.154	-17.750
248	1	0	146.511	-17.751
249	1	0	146.647	-17.774
250	1	0	146.440	-17.769
251	1	0	146.518	-17.790
252	1	0	146.549	-17.832
253	1	0	146.488	-17.848
254	1	0	146.589	-17.886
255	1	0	146.732	-17.875
256	1	0	146.139	-17.964
257	1	0	146.604	-17.969
258	1	0	146.136	-17.977
259	1	0	146.776	-17.996
260	1	0	146.839	-18.012
261	1	0	146.558	-18.051
262	1	0	146.154	-18.007
263	1	0	146.166	-18.023
264	1	0	146.200	-18.040
265	1	0	146.177	-18.037
266	1	0	146.205	-18.050
267	1	0	146.763	-18.122
268	1	0	146.972	-18.135
269	1	0	146.290	-18.149
270	1	0	146.154	-18.172
271	1	0	147.027	-18.210
272	1	0	146.730	-18.228
273	1	0	146.324	-18.235
274	1	0	146.904	-18.263
275	1	0	147.387	-18.267
276	1	0	146.829	-18.351
277	1	0	146.745	-18.323
278	1	0	147.205	-18.359
279	1	0	146.708	-18.408
280	1	0	147.454	-18.410
281	1	0	147.063	-18.428
282	1	0	147.138	-18.416
283	1	0	147.350	-18.422
284	1	0	146.992	-18.432
285	1	0	146.994	-18.469
286	1	0	146.874	-18.479
287	1	0	147.036	-18.502
288	1	0	147.144	-18.523
289	1	0	147.101	-18.493
290	1	0	147.445	-18.500
291	1	0	147.398	-18.527
292	1	0	147.192	-18.554
293	1	0	146.488	-18.558
294	1	0	147.495	-18.564
295	1	0	146.487	-18.602
296	1	0	147.422	-18.630
297	1	0	147.054	-18.632
298	1	0	147.294	-18.628
299	1	0	146.550	-18.674
300	1	0	146.512	-18.677
301	1	0	146.336	-18.686
302	1	0	147.101	-18.696
303	1	0	147.271	-18.748
304	1	0	146.610	-18.765
305	1	0	146.550	-18.769
306	1	0	146.535	-18.777
307	1	0	146.521	-18.774
308	1	0	146.667	-18.776
309	1	0	146.433	-18.812
310	1	0	146.525	-18.829
311	1	0	146.538	-18.843
312	1	0	146.631	-18.964
313	1	0	146.686	-18.995
314	1	0	145.523	-14.820
315	1	0	145.690	-16.123
316	1	0	146.788	-18.038
317	1	0	146.153	-17.954
318	1	0	146.796	-17.944
319	1	0	146.861	-18.059
320	1	0	146.797	-18.094
321	1	0	145.700	-14.900
