species,pu,amount
1,1,133320000.0
1,2,320000.0
1,3,9320000.0
1,8,8780000.0
1,9,4660000.0
1,10,12590000.0
1,11,500000.0
1,12,650000.0
1,13,3380000.0
1,14,42870000.0
1,15,7190000.0
1,18,12350000.0
1,23,2040000.0
1,27,55370000.0
1,32,21580000.0
1,33,3670000.0
1,35,11740000.0
1,37,22020000.0
1,45,19850000.0
1,52,13480000.0
1,60,10290000.0
1,62,6820000.0
1,65,1000000.0
1,66,101070000.0
1,87,1240000.0
1,89,2060000.0
1,90,19110000.0
1,93,2370000.0
1,94,15040000.0
1,103,750000.0
1,105,24030000.0
1,110,3950000.0
1,113,10880000.0
1,115,2750000.0
1,118,460000.0
1,119,9900000.0
1,121,280000.0
1,123,940000.0
1,125,10510000.0
1,130,10860000.0
1,138,380000.0
1,139,540000.0
1,142,11350000.0
1,148,2280000.0
1,151,7040000.0
1,158,1950000.0
1,161,15780000.0
1,163,3110000.0
1,164,5820000.0
1,165,260000.0
1,166,24270000.0
1,170,11090000.0
1,172,22910000.0
1,174,190000.0
1,178,27330000.0
1,182,25390000.0
1,321,11700000.0
2,185,9420000.0
2,190,4610000.0
2,204,780000.0
2,207,2150000.0
2,209,4000000.0
2,212,1360000.0
2,213,2130000.0
2,215,3830000.0
2,221,8490000.0
2,231,12720000.0
2,232,120000.0
2,237,23430000.0
2,239,6890000.0
2,249,16000000.0
2,255,10550000.0
2,259,1650000.0
2,260,8390000.0
2,268,3130000.0
2,271,13250000.0
2,275,5750000.0
2,278,1720000.0
2,280,5330000.0
2,283,2720000.0
2,290,610000.0
2,318,5580000.0
2,319,19470000.0
3,1,60000.0
3,4,970000.0
3,5,3870000.0
3,6,5290000.0
3,7,6940000.0
4,24,1000000.0
4,42,510000.0
4,43,680000.0
4,44,560000.0
4,48,640000.0
4,61,3280000.0
4,70,250000.0
4,79,130000.0
4,80,110000.0
4,88,70000.0
4,99,300000.0
4,104,1650000.0
4,107,370000.0
4,133,60000.0
4,135,670000.0
4,140,1110000.0
4,143,370000.0
4,169,90000.0
4,189,1360000.0
4,193,830000.0
4,194,30000.0
4,197,300000.0
4,198,210000.0
5,205,940000.0
5,206,980000.0
5,242,470000.0
5,244,200000.0
5,247,4510000.0
5,256,370000.0
5,258,730000.0
5,262,450000.0
5,263,330000.0
5,264,780000.0
5,265,450000.0
5,266,480000.0
5,270,3500000.0
5,301,510000.0
5,309,300000.0
5,312,260000.0
5,313,220000.0
5,317,1780000.0
6,16,780000.0
6,17,3950000.0
6,19,16410000.0
6,22,160000.0
6,26,14170000.0
6,34,6100000.0
6,36,1310000.0
6,41,590000.0
6,46,1040000.0
6,47,3910000.0
6,49,900000.0
6,51,1610000.0
6,53,1060000.0
6,54,70000.0
6,55,80000.0
6,56,370000.0
6,57,570000.0
6,58,70000.0
6,59,320000.0
6,63,1110000.0
6,71,40000.0
6,72,100000.0
6,74,420000.0
6,76,9950000.0
6,78,3080000.0
6,82,180000.0
6,92,1350000.0
6,100,760000.0
6,102,1770000.0
6,122,11180000.0
6,129,8700000.0
6,154,380000.0
6,155,20000.0
6,156,20000.0
6,157,20000.0
6,159,4590000.0
6,160,3120000.0
6,188,2550000.0
6,222,3430000.0
6,225,530000.0
6,227,690000.0
6,269,1500000.0
6,273,730000.0
7,1,4020000.0
7,6,50860000.0
7,7,12800000.0
7,8,3620000.0
7,11,130380000.0
7,17,3790000.0
7,20,10250000.0
7,21,4620000.0
7,25,5620000.0
7,28,7300000.0
7,29,15000000.0
7,30,1910000.0
7,31,39700000.0
7,33,148310000.0
7,38,810000.0
7,39,10880000.0
7,40,11100000.0
7,50,1160000.0
7,64,490000.0
7,66,370000.0
7,67,8560000.0
7,68,11960000.0
7,69,680000.0
7,73,190000.0
7,75,720000.0
7,77,4570000.0
7,81,5410000.0
7,83,1180000.0
7,84,1190000.0
7,85,4960000.0
7,86,10640000.0
7,91,290000.0
7,95,7990000.0
7,96,2100000.0
7,97,2030000.0
7,98,3290000.0
7,101,28130000.0
7,103,430000.0
7,106,13320000.0
7,108,2110000.0
7,109,12240000.0
7,111,2690000.0
7,112,2220000.0
7,114,62780000.0
7,116,290000.0
7,117,1330000.0
7,120,38430000.0
7,124,30710000.0
7,126,4310000.0
7,127,260000.0
7,128,5490000.0
7,131,2160000.0
7,132,2090000.0
7,134,12060000.0
7,136,7890000.0
7,137,55160000.0
7,141,580000.0
7,144,5960000.0
7,145,840000.0
7,146,28230000.0
7,147,6840000.0
7,149,57530000.0
7,150,260000.0
7,152,13360000.0
7,153,600000.0
7,162,13580000.0
7,167,16010000.0
7,168,9010000.0
7,171,13030000.0
7,173,100000.0
7,175,1110000.0
7,176,4170000.0
7,177,70000.0
7,178,3030000.0
7,179,1660000.0
7,180,130000.0
7,181,43910000.0
7,183,50000.0
7,184,5560000.0
7,185,202320000.0
7,186,4220000.0
7,187,122740000.0
7,314,2440000.0
7,315,45040000.0
8,191,1830000.0
8,192,10270000.0
8,195,780000.0
8,196,31430000.0
8,199,1070000.0
8,200,14060000.0
8,201,6690000.0
8,202,100080000.0
8,203,11620000.0
8,208,19140000.0
8,210,8050000.0
8,211,34350000.0
8,214,29360000.0
8,216,570000.0
8,217,89880000.0
8,218,16360000.0
8,219,17380000.0
8,220,2650000.0
8,223,8800000.0
8,224,3770000.0
8,226,23190000.0
8,228,35190000.0
8,229,21170000.0
8,230,67130000.0
8,233,210000.0
8,234,250000.0
8,235,8920000.0
8,236,15500000.0
8,237,15480000.0
8,238,14550000.0
8,240,37280000.0
8,241,43430000.0
8,243,15470000.0
8,245,13920000.0
8,246,2060000.0
8,248,3970000.0
8,249,17270000.0
8,250,8070000.0
8,251,19350000.0
8,252,16850000.0
8,253,11620000.0
8,254,53510000.0
8,255,360000.0
8,257,4060000.0
8,259,3770000.0
8,261,135600000.0
8,267,14950000.0
8,272,135240000.0
8,274,6720000.0
8,276,115360000.0
8,277,27460000.0
8,279,61210000.0
8,281,18060000.0
8,282,4520000.0
8,284,8540000.0
8,285,3410000.0
8,286,4450000.0
8,287,19730000.0
8,288,34490000.0
8,289,4390000.0
8,291,3260000.0
8,292,4310000.0
8,294,9360000.0
8,296,21720000.0
8,297,16680000.0
8,298,930000.0
8,302,5470000.0
8,303,5030000.0
8,316,3550000.0
8,319,15060000.0
8,320,18410000.0
9,293,1000000.0
9,295,1590000.0
9,299,2360000.0
9,300,1850000.0
9,304,6170000.0
9,305,130000.0
9,306,810000.0
9,307,220000.0
9,308,90000.0
9,310,240000.0
9,311,810000.0
10,143,10000.0
11,5,10000.0
12,140,10000.0
12,299,20000.0
12,304,10000.0
13,9,10000.0
13,13,10000.0
13,52,20000.0
13,66,20000.0
13,321,10000.0
14,78,10000.0
14,81,10000.0
14,106,10000.0
14,114,20000.0
14,137,10000.0
14,149,10000.0
14,153,10000.0
14,168,10000.0
14,185,30000.0
14,191,10000.0
14,192,10000.0
14,196,10000.0
14,201,10000.0
14,202,10000.0
15,11,30000.0
15,19,10000.0
15,20,10000.0
15,22,10000.0
15,25,10000.0
15,29,20000.0
15,38,10000.0
15,51,10000.0
16,317,10000.0
17,226,10000.0
17,231,10000.0
17,238,10000.0
17,255,10000.0
17,261,10000.0
17,267,10000.0
17,272,10000.0
17,279,10000.0
17,281,10000.0
17,285,10000.0
17,291,20000.0
17,294,10000.0
17,297,10000.0
17,319,10000.0
18,1,30000.0
19,90,10000.0
19,110,10000.0
19,119,10000.0
19,121,10000.0
19,125,10000.0
19,170,10000.0
19,182,20000.0
20,198,10000.0
20,247,10000.0
21,12,6.5392
21,16,6.8135
21,20,6.495
21,25,6.5915
21,28,5.0027
21,44,6.7612
21,47,6.0431
21,48,5.4875
21,50,5.9987
21,52,6.4603
21,54,5.4256
21,58,5.0356
21,59,5.0
21,64,5.9356
21,66,6.8459
21,67,5.0
21,68,6.4759
21,69,5.9562
21,70,5.0
21,81,6.6823
21,93,6.9211
21,95,6.8559
21,98,5.1066
21,100,6.9804
21,126,5.0
21,128,6.9608
21,175,5.9248
21,195,5.6716
21,202,5.2045
21,203,6.2866
21,208,6.9924
21,246,6.1332
21,247,6.6119
21,250,5.0
21,251,6.3079
21,252,6.1476
21,255,6.7333
21,271,5.1576
21,298,5.7023
21,300,5.0
21,302,5.694
21,310,6.2106
22,2,8.3302
22,3,8.6618
22,6,7.7194
22,8,7.7926
22,14,9.2043
22,19,8.5641
22,21,9.0988
22,22,9.5666
22,23,8.5626
22,24,8.9177
22,26,7.936
22,29,7.7906
22,38,8.4154
22,41,7.6762
22,49,7.4501
22,56,9.0915
22,57,8.5508
22,60,9.3991
22,62,7.4775
22,63,7.5019
22,75,8.4053
22,77,7.3968
22,96,8.4835
22,97,7.4982
22,99,7.8885
22,101,8.7034
22,104,8.1552
22,108,9.043
22,132,8.4331
22,136,8.7435
22,137,8.4176
22,144,7.6738
22,145,9.3154
22,155,7.5756
22,157,9.4075
22,158,9.9482
22,162,8.849
22,165,9.2319
22,169,8.1492
22,186,9.0914
22,189,9.1632
22,191,8.3485
22,199,9.8361
22,201,9.6694
22,204,8.2066
22,220,9.5993
22,221,8.6721
22,223,9.5991
22,224,8.3867
22,245,9.6954
22,254,9.0646
22,266,8.5211
22,267,7.8605
22,307,7.7511
22,309,8.2578
23,1,13.620999999999999
23,7,13.579
23,9,10.844000000000001
23,10,14.357999999999999
23,13,12.564
23,15,11.169
23,17,10.139
23,30,14.332
23,31,14.102
23,33,13.468
23,35,14.852
23,36,12.550999999999998
23,37,10.039
23,39,12.17
23,40,14.079
23,42,10.345999999999998
23,46,14.458
23,73,13.857999999999999
23,74,10.318
23,76,10.124
23,84,11.505
23,87,14.675
23,88,13.338
23,89,11.87
23,94,14.294
23,102,10.915999999999999
23,103,14.757
23,105,11.863
23,106,12.54
23,115,11.722000000000001
23,119,13.462
23,123,14.972000000000001
23,125,14.449000000000002
23,134,10.544
23,138,10.786
23,147,10.630999999999998
23,148,11.364
23,152,14.759
23,161,13.722000000000001
23,166,14.705
23,171,14.915999999999999
23,172,10.767000000000001
23,183,10.849
23,184,11.657
23,185,14.472999999999999
23,187,12.669
23,188,11.489
23,190,12.13
23,192,11.171
23,200,12.254000000000001
23,206,10.148
23,210,13.534
23,213,10.834000000000001
23,215,11.308
23,218,10.640999999999998
23,222,13.040999999999999
23,225,12.86
23,226,10.605
23,228,13.520999999999999
23,229,12.725
23,231,11.472000000000001
23,232,10.924000000000001
23,233,10.315
23,237,12.915
23,240,10.152000000000001
23,242,10.864
23,244,11.335999999999999
23,248,11.764000000000001
23,249,10.454
23,253,13.724
23,256,12.872
23,258,11.806
23,259,12.9
23,260,14.357000000000001
23,261,14.940999999999999
23,262,14.584000000000001
23,270,10.818
23,275,13.376
23,280,10.565
23,283,12.35
23,284,14.252
23,286,12.972999999999999
23,291,11.607999999999999
23,292,14.947000000000001
23,297,12.802
23,303,13.724
23,308,12.402000000000001
23,315,14.433
23,317,14.79
24,5,15.702
24,18,21.708000000000002
24,32,16.326
24,34,19.915
24,43,18.384
24,45,18.454
24,61,18.055999999999997
24,72,20.0
24,78,26.239
24,79,20.136
24,82,29.458000000000002
24,83,22.616999999999997
24,85,25.42
24,86,25.316
24,90,15.277000000000001
24,91,18.561
24,107,28.458000000000002
24,109,15.610999999999999
24,110,15.107999999999999
24,113,16.672
24,114,20.163
24,116,19.169
24,118,25.553
24,120,29.36
24,122,25.412
24,124,27.125
24,127,20.416
24,129,26.191
24,131,19.74
24,135,16.39
24,139,17.578
24,140,20.0
24,141,20.163
24,142,20.0
24,143,18.172
24,149,27.381
24,150,21.677
24,153,25.198
24,154,20.641
24,156,26.482
24,159,24.351999999999997
24,160,15.373
24,163,28.503
24,164,17.529
24,168,23.658
24,170,17.926
24,173,24.933000000000003
24,174,22.406999999999996
24,178,29.715999999999998
24,179,18.809
24,180,24.558000000000003
24,181,18.191
24,193,18.615
24,194,24.164
24,196,20.0
24,197,19.317999999999998
24,198,25.226999999999997
24,205,21.112
24,209,19.121
24,211,15.783
24,212,19.301
24,216,23.473000000000003
24,217,23.212
24,227,17.639
24,230,18.91
24,234,18.25
24,236,16.14
24,238,19.723
24,239,20.177
24,241,20.938000000000002
24,257,18.469
24,263,17.482
24,264,24.285
24,265,18.393
24,268,16.881
24,269,16.864
24,273,27.235
24,274,18.687
24,276,17.764
24,277,26.359
24,281,23.14
24,282,17.288
24,285,15.341
24,287,15.168
24,288,28.578000000000003
24,289,24.973000000000003
24,290,24.933000000000003
24,294,27.715
24,295,16.084
24,296,21.695
24,301,20.666
24,305,18.599
24,312,18.258
24,313,29.616
24,314,19.072
24,316,29.621
24,319,19.39
24,320,15.88
24,321,16.547
25,4,60.361999999999995
25,11,81.516
25,80,35.13
25,92,32.281
25,111,44.961000000000006
25,112,31.275
25,117,31.465999999999998
25,121,40.0
25,130,50.0
25,133,46.861999999999995
25,151,34.664
25,167,36.732
25,176,40.0
25,207,33.352
25,214,31.886
25,235,42.438
25,272,30.155
25,278,36.742
25,279,30.340999999999998
25,293,35.0
25,318,34.443000000000005
26,1,0.6808380880000003
26,2,0.5355769979999999
26,3,0.494549193
26,4,0.8259577094000002
26,5,0.5715878499000001
26,6,0.5119093707000013
26,7,0.21389878890000016
26,8,0.9027537793000009
26,9,0.6625335358000003
26,10,0.3162904575000007
26,11,0.643375480500003
26,12,0.6822245608
26,13,0.6432470688999999
26,14,0.6891175387000003
26,15,0.3933440400999998
26,16,0.6138259851999998
26,17,0.33301368200000026
26,18,0.5438281965000004
26,19,0.7153754970000001
26,20,0.6523009473000011
26,21,1.0048479303
26,22,0.6251454470000002
26,23,1.4439899169999995
26,24,0.6453572169999999
26,25,0.4762387729999998
26,26,0.2908406145000013
26,27,0.6530933700000032
26,28,0.6349979374
26,29,0.7744450820000001
26,30,0.7960907641999998
26,31,1.422385997
26,32,0.3766157179999998
26,33,0.4753334832
26,34,0.4485926385999999
26,35,0.2796282104000001
26,36,0.6527244850000002
26,37,0.27112509210000035
26,38,1.002919624
26,39,0.38235012299999993
26,40,0.9372092189000011
26,41,1.3789007674000004
26,42,0.30409451570000007
26,43,0.45751623920000056
26,44,0.34106705099999984
26,45,0.49790305999999995
26,46,0.38308660600000005
26,47,0.54750643
26,48,1.0547986756000005
26,49,0.8753723700000001
26,50,0.44382682500000004
26,51,0.6003282240000001
26,52,1.2987616701000002
26,53,0.5810379259999999
26,54,0.46849100999999993
26,55,0.6535419200000001
26,56,0.7638996499999998
26,57,0.7365813696000001
26,58,1.089040738
26,59,0.520554356
26,60,1.3829530572000002
26,61,0.9364766600000001
26,62,0.7339981671000002
26,63,0.8584513926000001
26,64,1.3728852371999996
26,65,0.893145770500001
26,66,0.7736623478
26,67,0.6980638962999999
26,68,0.5752650270000002
26,69,0.6479204520000001
26,70,0.6972582650000002
26,71,1.1059358537000004
26,72,1.0920307478000002
26,73,0.6508565610000001
26,74,1.0154811234000003
26,75,0.7706461778000006
26,76,0.2934537164
26,77,1.0183224561000002
26,78,0.792768384
26,79,1.2440818430000005
26,80,1.2490266370999994
26,81,0.6484125724999997
26,82,0.7052419639
26,83,1.1772421303000005
26,84,1.2629681151999999
26,85,1.3190680372000008
26,86,1.4727261763000004
26,87,1.1653025179000005
26,88,1.3220069160000005
26,89,0.8098791762
26,90,1.4560682138000005
26,91,0.43993008299999997
26,92,1.6255899035000014
26,93,0.44213485
26,94,0.3101666982
26,95,0.6083733825
26,96,0.25612321000000005
26,97,0.8970160980000003
26,98,1.0961326607000001
26,99,0.866584602
26,100,0.9918388715999998
26,101,0.9902276069999999
26,102,0.7315702730000003
26,103,0.9582968017999999
26,104,0.6099025180000001
26,105,0.7884391724
26,106,1.1215775019999996
26,107,0.6715944722
26,108,0.9521218216999997
26,109,0.7717700418999995
26,110,0.25842640600000005
26,111,0.6762618170000004
26,112,0.24364581139999997
26,113,0.8288891422
26,114,0.6324987003000003
26,115,0.4150828520000002
26,116,0.7449060658000001
26,117,0.7719715289999999
26,118,0.3615027021000002
26,119,0.9218100141000009
26,120,0.7143820785
26,121,0.3506724434000006
26,122,0.5264317171999999
26,123,1.1874326714
26,124,0.8090787508000002
26,125,0.6529595947999999
26,126,0.48211434210000015
26,127,0.2767536044999999
26,128,0.7225804239999999
26,129,0.6490596848000002
26,130,0.46148408
26,131,0.10803419480000002
26,132,0.23222520800000002
26,133,1.0928622510000003
26,134,0.8845474491000002
26,135,0.6898719179999999
26,136,0.8642945979999999
26,137,0.9856245728999999
26,138,0.6021801188000012
26,139,0.6021801188000012
26,140,0.9436505231
26,141,0.82951429
26,142,0.32290981030000027
26,143,0.6757435589999999
26,144,0.56040151
26,145,1.5889764564000008
26,146,0.678313365000001
26,147,0.8896692839999999
26,148,1.5699251736000017
26,149,0.13786356
26,150,0.13786356
26,151,1.2469436507
26,152,0.7193305440000001
26,153,1.0983536879999996
26,154,0.8694936569999997
26,155,1.5152336915000004
26,156,0.530598899
26,157,0.8694936569999997
26,158,0.019816700000002154
26,159,0.7399159841000004
26,160,1.8478985787000015
26,161,0.16071903269999993
26,162,0.11498089
26,163,0.8662598852
26,164,0.5151557377999999
26,165,0.5132408029000008
26,166,0.20402305000000234
26,167,0.02561516
26,168,0.0
26,169,0.270198819
26,170,0.6771218066000003
26,171,0.5466185854000001
26,172,0.2611922736000002
26,173,0.7500681760000001
26,174,0.6813819270000001
26,175,0.8116986707999998
26,176,0.9721927699000001
26,177,0.7407249070000002
26,178,0.7935310733000013
26,179,0.76525179
26,180,1.1313284012999998
26,181,0.360479028
26,182,0.6416905952999999
26,183,0.31185388900000005
26,184,0.42179529899999996
26,185,0.7930295483999997
26,186,1.0588777566
26,187,0.5704381882000001
26,188,0.255011883
26,189,0.2473049493000019
26,190,0.42749278099999993
26,191,0.5632093143999999
26,192,0.3457031090000001
26,193,0.6633919946000001
26,194,0.6754337816000003
26,195,0.5218984518
26,196,0.7868619222000001
26,197,0.9617770631000003
26,198,0.22538531760000002
26,199,0.8417878563
26,200,0.16025592000000355
26,201,0.48119354849999996
26,202,0.1220592700000031
26,203,0.7070303158999999
26,204,0.0
26,205,0.11039865510000073
26,206,0.11039865510000073
26,207,0.028861625999999998
26,208,0.41560004999999994
26,209,0.5560032587000002
26,210,0.0009545
26,211,1.0058308399999998
26,212,0.44876125000000006
26,213,0.730322119
26,214,0.5894994
26,215,0.26695091
26,216,0.0
26,217,0.7093695591999999
26,218,0.6862505530000002
26,219,1.2150792460000004
26,220,0.560857636
26,221,0.21961212000000002
26,222,0.5677246720000002
26,223,0.708122597
26,224,0.5290630810000001
26,225,0.39658526800000005
26,226,0.3879211726999999
26,227,0.289909089
26,228,0.787168256
26,229,0.521639278
26,230,0.5651173443999999
26,231,0.0
26,232,0.6206095699999998
26,233,0.5995496601999998
26,234,0.8516984989000002
26,235,0.581081283
26,236,0.6208086103
26,237,0.7348830072999999
26,238,0.27980257859999996
26,239,0.3556667188
26,240,0.9104616300000002
26,241,0.1170458577000006
26,242,0.29227384359999997
26,243,1.2274629588999997
26,244,0.4737144546999998
26,245,0.6485735686000001
26,246,0.7141251950000002
26,247,0.44804615190000013
26,248,0.22477468649999996
26,249,0.939268064000001
26,250,0.8728164619000005
26,251,0.8780560067000001
26,252,0.630074094500001
26,253,0.9647333785000012
26,254,0.7849616779999999
26,255,1.073924741
26,256,0.42832843299999995
26,257,0.5629179999999999
26,258,0.7610304598000002
26,259,0.6617325163
26,260,1.02774191
26,261,0.7617504927000002
26,262,0.7982815794000001
26,263,0.45055169680000057
26,264,0.0861966042
26,265,0.6051924439999999
26,266,0.9812115846
26,267,0.7428330937000002
26,268,0.7828007738999998
26,269,0.3783414639
26,270,0.2520797344
26,271,0.7741356373000003
26,272,0.7224837830999999
26,273,0.13550361
26,274,0.8937396269000001
26,275,0.5915580460000001
26,276,0.2832671674
26,277,0.35328715530000004
26,278,0.4280660861000009
26,279,0.6024425351999998
26,280,0.762305849
26,281,0.7071558056000002
26,282,0.7149209281000006
26,283,0.7018241045
26,284,0.7168356523000005
26,285,0.4890491739
26,286,0.6846864740000004
26,287,0.3984418873
26,288,0.8248851427000008
26,289,0.7959895129999999
26,290,0.5978604620000002
26,291,0.7768553748999998
26,292,0.513564683
26,293,0.8229065816000003
26,294,0.7381985854000002
26,295,0.326327579
26,296,0.8421326281000008
26,297,0.4885933005
26,298,0.6328369024
26,299,0.045351431
26,300,0.363948292
26,301,0.7882631025000001
26,302,0.6098050608000001
26,303,0.6753303639
26,304,0.7732586299
26,305,0.39158813300000006
26,306,0.5695040576999999
26,307,0.3130788327
26,308,0.7732586299
26,309,0.20835149189999996
26,310,0.49765888300000005
26,311,0.2814258467000001
26,312,0.35634325970000047
26,313,0.35634325970000047
26,314,0.9250344735999999
26,315,0.4809051270000032
26,316,0.107875368
26,317,0.47251477519999996
26,318,0.8477337727
26,319,1.1090491019000002
26,320,0.7749558659999999
26,321,0.7736623478
27,1,0.5145115401000001
27,2,0.6478601099999999
27,3,0.67392119
27,4,0.42337874870000003
27,5,0.7187804120000001
27,6,0.6599153595000005
27,7,0.4286372587
27,8,0.6919757696000025
27,9,0.3170760543
27,10,0.5297109165
27,11,0.5084004590000027
27,12,0.36067123560000003
27,13,0.7411307742000001
27,14,0.585019428
27,15,0.8769619301
27,16,0.533159119
27,17,0.6651174836999999
27,18,0.4133601038000002
27,19,0.34594021010000003
27,20,0.4979123899999999
27,21,0.8059975998
27,22,0.4319742697
27,23,0.803375682
27,24,0.66053039
27,25,0.8351714379999999
27,26,0.6267282424
27,27,0.6879534077000007
27,28,0.4591944309
27,29,0.7328369117000009
27,30,0.7092345406
27,31,0.495880419
27,32,0.8131471979
27,33,0.8032300077000001
27,34,0.7521243925000006
27,35,0.6808202777000002
27,36,0.7241947696000002
27,37,0.7901561349999999
27,38,0.8233461000000001
27,39,0.5984951641
27,40,0.7487883705
27,41,0.570224951
27,42,0.6244406859999999
27,43,0.4888799555
27,44,0.6332713179000001
27,45,0.6672818260000001
27,46,0.575104483
27,47,0.5654523858000006
27,48,0.5463225534
27,49,0.7074893
27,50,0.6108121546999999
27,51,0.6979541313000001
27,52,0.5745051632000004
27,53,0.7822662283
27,54,0.61262317
27,55,0.6896345700000001
27,56,0.7243565635
27,57,0.6190659221
27,58,0.6845966981000001
27,59,0.66520217
27,60,0.5338206067
27,61,0.6535391469
27,62,0.774983011
27,63,0.7402677820000001
27,64,0.7015090135
27,65,0.7818940836999999
27,66,0.77975299
27,67,0.7062111269000002
27,68,0.6325270879999999
27,69,0.769088462
27,70,0.7315130584
27,71,0.678580765
27,72,0.7325264314
27,73,0.62943109
27,74,0.78266863
27,75,0.606696269
27,76,0.5443642523
27,77,0.7397454784
27,78,0.5214564892000013
27,79,0.49004172
27,80,0.6640508890000001
27,81,0.7017408110000001
27,82,0.456117598
27,83,0.54170944
27,84,0.7021418473
27,85,0.5881159990000001
27,86,0.55721202
27,87,0.7922921300000001
27,88,0.5290138936000004
27,89,0.6998492134
27,90,0.8199128391
27,91,0.591863842500001
27,92,0.5506038999999999
27,93,0.66843662
27,94,0.555740438
27,95,0.4019858340000001
27,96,0.5896656093
27,97,0.647345491
27,98,0.61083846
27,99,0.782525309
27,100,0.7688624100000001
27,101,0.689447092
27,102,0.6576514998000003
27,103,0.750931042
27,104,0.6902764891000015
27,105,0.6517667986
27,106,0.6746030199999999
27,107,0.6596454146999999
27,108,0.6273645690000001
27,109,0.65777518
27,110,0.4813743225
27,111,0.69219804
27,112,0.46814795070000004
27,113,0.5896299700000001
27,114,0.7920823622
27,115,0.7022678456000003
27,116,0.7072845
27,117,0.6715409308999999
27,118,0.5474764479000003
27,119,0.6605330657000004
27,120,0.5287545451
27,121,0.40933890799999995
27,122,0.8865663839000003
27,123,0.5657145600000001
27,124,0.6293832214
27,125,0.6563053830000001
27,126,0.822795171
27,127,0.8084034020000003
27,128,0.6514532642
27,129,0.8743533149000001
27,130,0.662960121
27,131,0.5767840391000009
27,132,0.593364938
27,133,0.7594173707
27,134,0.5344308576
27,135,0.7511511122
27,136,0.798242791
27,137,0.740899908
27,138,0.5312926535000001
27,139,0.5312926535000001
27,140,0.6616048905
27,141,0.6605377386
27,142,0.5693613665
27,143,0.6794704574000001
27,144,0.561040855
27,145,0.8267495220000001
27,146,0.7626027197
27,147,0.7115273079
27,148,0.7884504000000001
27,149,0.6501690685
27,150,0.6501690685
27,151,0.6030681699999999
27,152,0.450078797
27,153,0.69467289
27,154,0.7035725033000001
27,155,0.7700563489999999
27,156,0.6843194706000004
27,157,0.7035725033000001
27,158,0.7186747250000003
27,159,0.6673408179999999
27,160,0.81477111
27,161,0.7412331225000015
27,162,0.8203662757999999
27,163,0.6578586584
27,164,0.6130541999000059
27,165,0.4782140808
27,166,0.7069140324
27,167,0.7597427467999999
27,168,0.6928328261000001
27,169,0.5633210132
27,170,0.6093464929999999
27,171,0.429444
27,172,0.509435903
27,173,0.7329853404000007
27,174,0.6643252036
27,175,0.6628206226000004
27,176,0.7432321971
27,177,0.7144999329000002
27,178,0.6052463643
27,179,0.7310012780000001
27,180,0.662911845
27,181,0.5528621412999999
27,182,0.6856397688
27,183,0.7072494576999999
27,184,0.705010252
27,185,0.7014804113
27,186,0.6639051969
27,187,0.6753183922
27,188,0.5922792479999999
27,189,0.672600572
27,190,0.70263773
27,191,0.658966065
27,192,0.7424611670000003
27,193,0.7227769395000001
27,194,0.6262358595999999
27,195,0.6682436664
27,196,0.5774618600000001
27,197,0.6235012798
27,198,0.5849369300000002
27,199,0.5820279947
27,200,0.5302369993000002
27,201,0.6902584445000028
27,202,0.6218050461000001
27,203,0.6820073410000015
27,204,0.5663220635
27,205,0.55392001
27,206,0.55392001
27,207,0.6181727066000001
27,208,0.60828656
27,209,0.6233601966
27,210,0.46183902750000005
27,211,0.6349198896
27,212,0.562842721
27,213,0.7117291088
27,214,0.7475067980000039
27,215,0.7180983675
27,216,0.6631847467
27,217,0.6772877432000001
27,218,0.7126902539000001
27,219,0.6060051629000001
27,220,0.7106869110000001
27,221,0.3122312368000006
27,222,0.5291991484
27,223,0.6597252515
27,224,0.5779272673000001
27,225,0.610860638
27,226,0.614726411
27,227,0.6646911179999999
27,228,0.63064278
27,229,0.61536011
27,230,0.6714978033000001
27,231,0.6350237514
27,232,0.6119403862
27,233,0.7312932370000003
27,234,0.6708352204000009
27,235,0.667537809
27,236,0.7220444288000002
27,237,0.4651703263
27,238,0.7263267709000001
27,239,0.7349446881000002
27,240,0.6489709928000014
27,241,0.6304384226000016
27,242,0.624226627
27,243,0.6928068453
27,244,0.6855075100000001
27,245,0.5992633419
27,246,0.6124730122000002
27,247,0.77273395
27,248,0.7705988626000009
27,249,0.7927997109000009
27,250,0.6445257529
27,251,0.5951671761
27,252,0.5889160469000005
27,253,0.6400785938000005
27,254,0.662373498
27,255,0.5893214065
27,256,0.7320666600000001
27,257,0.6134777980999999
27,258,0.8010240243000002
27,259,0.5225783869
27,260,0.5341299581
27,261,0.6691288801000013
27,262,0.6023306622
27,263,0.7410993183
27,264,0.5811081748000001
27,265,0.579655503
27,266,0.6003196049999999
27,267,0.4951994862
27,268,0.5048298299
27,269,0.7333509783000001
27,270,0.6409250761000005
27,271,0.5316529666
27,272,0.4754423031
27,273,0.5708803
27,274,0.5253708315000001
27,275,0.6578775205
27,276,0.4775845538
27,277,0.54536919
27,278,0.48632316529999997
27,279,0.6250850999
27,280,0.6417324566
27,281,0.5631762084000009
27,282,0.5682017122
27,283,0.5130534865
27,284,0.5780653653
27,285,0.6142389999
27,286,0.5833527735999999
27,287,0.623325777
27,288,0.8753492838
27,289,0.6662002273
27,290,0.5479692587
27,291,0.7088286529000004
27,292,0.6299014151000001
27,293,0.6188804875000001
27,294,0.6778951065
27,295,0.521460586
27,296,0.7181817198
27,297,0.6978556101000006
27,298,0.6837748959000001
27,299,0.4693406
27,300,0.449632236
27,301,0.5843887239000001
27,302,0.6682848578
27,303,0.6622321729
27,304,0.7723238823000002
27,305,0.5931021547
27,306,0.8006518168
27,307,0.3279174960000006
27,308,0.7723238823000002
27,309,0.6464942429000009
27,310,0.742830777
27,311,0.657889399
27,312,0.6851882981000006
27,313,0.6851882981000006
27,314,0.7645506600000002
27,315,0.7537039628000014
27,316,0.5189057287000001
27,317,0.5913557894000001
27,318,0.7674201365000002
27,319,0.5043716214
27,320,0.6639283207000006
27,321,0.77975299
28,1,1.0051381130000003
28,2,0.9759678870000001
28,3,0.9914277869999999
28,4,1.0079604318
28,5,1.0020632659
28,6,0.9239547350000004
28,7,0.9912202300000001
28,8,0.9980617696000024
28,9,0.9999982197999999
28,10,1.0060529001999998
28,11,1.0000025931000032
28,12,1.0000068153000001
28,13,1.0675863743
28,14,0.9869624069999999
28,15,0.9989414291000001
28,16,1.000001722
28,17,1.0004127333
28,18,0.9222464565000001
28,19,0.9999985787000001
28,20,1.0000723396000002
28,21,0.9999955998000001
28,22,1.0000404145
28,23,1.0152381901
28,24,0.9978195600000002
28,25,1.0006441919
28,26,0.9974181214
28,27,1.1152943317000013
28,28,1.0000054382
28,29,1.0097853462000008
28,30,1.0228097026
28,31,1.000000508
28,32,0.9997739867
28,33,1.0051948965
28,34,0.9593492435000012
28,35,0.9789523379000002
28,36,0.9873339153
28,37,0.9976442111999999
28,38,1.0377782800000002
28,39,1.0069178087000001
28,40,1.0103383305
28,41,1.000000051
28,42,0.999997846
28,43,0.9999963016
28,44,1.0001842479
28,45,0.9639646632000001
28,46,0.9999977597
28,47,0.8727807858000005
28,48,1.0000018534
28,49,0.997672618
28,50,0.9757648623000005
28,51,1.023718691
28,52,1.0196650596000005
28,53,0.9996332727999999
28,54,0.9682527300000001
28,55,1.00000357
28,56,0.9987504004000001
28,57,1.0081322579
28,58,0.9962022947
28,59,0.9999938700000001
28,60,1.0000001067000002
28,61,1.0688125889
28,62,1.1010081530000002
28,63,1.037118271
28,64,1.0048877453
28,65,1.1015267007
28,66,1.1183277600000001
28,67,0.9503062862000002
28,68,0.9658682023
28,69,1.114797252
28,70,1.0163404723
28,71,1.0055334015
28,72,1.0308919489
28,73,1.0478032099999999
28,74,1.0413153960000001
28,75,1.0022662045000001
28,76,0.965270180000001
28,77,1.0749626894
28,78,0.9966791822000014
28,79,1.016627
28,80,1.000006259
28,81,1.0041268496
28,82,1.0000065980000001
28,83,1.0182493737999998
28,84,1.0252430973
28,85,1.000008779
28,86,0.99999209
28,87,1.017733283
28,88,1.0143343356000005
28,89,1.0355157797
28,90,1.0112136863
28,91,0.9812889417000015
28,92,1.00000455
28,93,0.958629
28,94,0.999999493
28,95,0.9932457163000001
28,96,0.9756878862
28,97,1.021657511
28,98,1.003448664
28,99,0.9501003297
28,100,1.01796614
28,101,1.008853411
28,102,1.0073232925000004
28,103,1.0061414556000001
28,104,0.9578238629000018
28,105,1.0058901516
28,106,0.9999995
28,107,0.9669067127000008
28,108,1.000241172
28,109,1.00000698
28,110,0.9063047875
28,111,1.0000015800000002
28,112,0.9233309519999999
28,113,1.009145561
28,114,1.0078442913
28,115,0.9928239401000003
28,116,1.0000011839999998
28,117,1.0354695576
28,118,0.9245258289000002
28,119,1.0038554237000004
28,120,0.8929641528
28,121,0.9120794641
28,122,1.0919208279000003
28,123,1.00000206
28,124,0.9990352251999999
28,125,1.002618586
28,126,1.000165031
28,127,0.9986855180000007
28,128,1.0076458922
28,129,1.1443013529
28,130,0.981319827
28,131,0.9162295391000013
28,132,0.946356338
28,133,0.9778801151000001
28,134,1.0138267626
28,135,0.9418048444
28,136,1.0583197093
28,137,1.013747928
28,138,1.1347164542000001
28,139,1.1347164542000001
28,140,1.0093814992999999
28,141,0.9904296806
28,142,1.0001821040999999
28,143,0.9754458678
28,144,0.9808288267
28,145,1.0102133373000002
28,146,0.9540564852
28,147,1.0035934479000002
28,148,0.9999914200000001
28,149,1.0653876228
28,150,1.0653876228
28,151,1.0011486379999999
28,152,0.9930796869999999
28,153,1.0117456200000001
28,154,1.0236676783
28,155,1.0015598089999997
28,156,0.9908148178000005
28,157,1.0236676783
28,158,1.070476289600001
28,159,0.9975680070000001
28,160,1.000535484
28,161,1.0349295496000024
28,162,1.0816845946
28,163,0.9940433844
28,164,0.9972463999000101
28,165,0.9999973807999999
28,166,1.0298856410000001
28,167,1.0163736007000002
28,168,1.0283991303
28,169,0.9714169347000002
28,170,0.9740514450000001
28,171,0.9999994999999999
28,172,0.8972603997999999
28,173,0.9835125614000008
28,174,0.9837136477999999
28,175,1.0010255346000003
28,176,1.0064078471
28,177,1.0060975628000002
28,178,1.0095354563
28,179,1.00903092
28,180,1.0041828650000002
28,181,1.0230518243
28,182,1.0047952718
28,183,1.0311167540000001
28,184,0.9999989650000001
28,185,0.9746020530999999
28,186,1.0103273304
28,187,1.0231664862
28,188,1.015818742
28,189,1.0307810701
28,190,1.000684362
28,191,1.058613525
28,192,1.0783309965000005
28,193,1.0311391386000004
28,194,0.9346494666
28,195,1.0001847144
28,196,0.9728047542
28,197,1.0251435493
28,198,0.9629041330000002
28,199,1.0071293893
28,200,1.0141962525000008
28,201,1.0003104958000049
28,202,1.0075584885000002
28,203,1.0537787830000045
28,204,1.0325829733999998
28,205,1.008150701
28,206,1.008150701
28,207,1.0252836513
28,208,1.011753027
28,209,0.9837099511
28,210,1.0121432165999997
28,211,1.0065735659000001
28,212,1.0096141181
28,213,1.0242934413000002
28,214,1.0330159720000045
28,215,1.0379989440000001
28,216,1.0201958367000001
28,217,1.0097965230000001
28,218,1.0420882156
28,219,0.9958490707000001
28,220,0.9257274125000001
28,221,0.9110245978000007
28,222,1.0037658055
28,223,1.0017180625
28,224,1.0079695711
28,225,1.0111866196000001
28,226,1.018441643
28,227,0.995720323
28,228,1.0000022487000002
28,229,0.9846246599999999
28,230,1.0649284818
28,231,1.0203322974
28,232,1.0366197084
28,233,1.0435333301000003
28,234,0.9852933013000009
28,235,1.0040517588
28,236,0.9961490218000002
28,237,0.9966255103000001
28,238,1.0502583476
28,239,1.0425548372000002
28,240,1.0088089481000015
28,241,1.0357419245000024
28,242,1.0254799540000001
28,243,1.0101717203
28,244,1.076888602
28,245,1.0148806329
28,246,0.9608903834000001
28,247,1.1165131819999998
28,248,1.048951120100001
28,249,0.9653702022000008
28,250,0.9837210089
28,251,0.9642102051
28,252,1.0058391545000007
28,253,0.9722586253000006
28,254,1.0121769845
28,255,1.0087165818
28,256,1.099482
28,257,0.9012052177999998
28,258,1.0393744667999998
28,259,0.9947167192
28,260,0.8480805656999999
28,261,0.9175171288000014
28,262,1.0081438048
28,263,1.0487637528000002
28,264,1.0087820609
28,265,1.0760103779999999
28,266,0.8760059944999999
28,267,1.0739949835
28,268,0.9865034799
28,269,0.9996290354000001
28,270,1.0225965593000004
28,271,0.9999997731
28,272,0.9910217203
28,273,0.999994039
28,274,0.9935647914999999
28,275,0.9999999987
28,276,1.0286824661
28,277,0.9999986479
28,278,0.9999988173
28,279,0.9869470999
28,280,1.0000016796
28,281,0.9999998388000009
28,282,1.0000013962
28,283,0.9999930967999999
28,284,0.9690744721
28,285,0.8592419999
28,286,0.9883461835999999
28,287,1.0010502045
28,288,1.0106031426
28,289,0.9999998618000001
28,290,1.0000044737000002
28,291,1.0216569097000003
28,292,1.0017927458
28,293,0.9887979015
28,294,1.0000096638000002
28,295,0.9790755180999999
28,296,1.0007501978000002
28,297,1.0119321128000007
28,298,1.0053451221
28,299,0.9999738699999999
28,300,0.9708445992
28,301,1.0104959987
28,302,1.0094832818000001
28,303,1.0061143199
28,304,1.0506876703
28,305,1.0062186228
28,306,0.9723850005000001
28,307,0.9893505187000006
28,308,1.0506876703
28,309,0.999691196000001
28,310,0.9937653289
28,311,1.0253344593000002
28,312,0.9963698512000008
28,313,0.9963698512000008
28,314,1.06262976
28,315,1.0325109275000024
28,316,0.9925111239000001
28,317,1.0048713132000002
28,318,1.0267992053000001
28,319,0.8983777637
28,320,0.9262633412000006
28,321,1.1183277600000001
29,1,0.044463
29,2,0.045962
29,3,0.050784
29,4,0.22754
29,5,0.022990000000000003
29,6,0.034297
29,7,0.2099199999
29,8,0.0908109999
29,9,0.19910999999999998
29,10,0.014007
29,11,0.097115
29,12,0.056220000000000006
29,13,0.024662
29,14,0.0
29,15,0.044147000000000006
29,16,0.07688299999999999
29,17,0.050377
29,18,0.010623
29,19,0.13552
29,20,0.015016
29,21,0.01593
29,22,0.073933
29,23,0.18433
29,24,0.047625
29,25,0.044832
29,26,0.11295999999999999
29,27,0.015872999999999998
29,28,0.030725
29,29,0.010616
29,30,0.008578200000000001
29,31,0.11931
29,32,0.032344
29,33,0.040796
29,34,0.097242
29,35,0.08469600000000001
29,36,0.096362
29,37,0.042030000000000005
29,38,0.013816
29,39,0.023224
29,40,0.049949
29,41,0.041019
29,42,0.024986
29,43,0.013054
29,44,0.023601
29,45,0.06712499999999999
29,46,0.00027056
29,47,0.0092289
29,48,0.097595
29,49,0.087397
29,50,0.023293
29,51,0.0034806
29,52,0.17197
29,53,0.058057000000000004
29,54,0.09384400000000001
29,55,0.022552000000000003
29,56,0.0
29,57,0.0095552
29,58,0.016033000000000002
29,59,0.012156
29,60,0.10755999999999999
29,61,0.1994
29,62,0.033858
29,63,0.008040799999999999
29,64,0.049748
29,65,0.043915
29,66,0.1112
29,67,0.00095788
29,68,0.12595
29,69,0.005361299999999999
29,70,0.001561
29,71,0.055315
29,72,0.035669
29,73,0.007693599999999998
29,74,0.044784
29,75,0.0012146
29,76,0.006879799999999999
29,77,0.09954500000000001
29,78,0.053952999999999994
29,79,0.19638000000000005
29,80,0.005677799999999999
29,81,0.013109
29,82,0.16887000000000002
29,83,0.11509
29,84,0.032546
29,85,0.1594
29,86,0.12362
29,87,0.07637999999999999
29,88,0.30084000000000005
29,89,0.021697
29,90,0.35358
29,91,0.0015424000000000002
29,92,0.11507
29,93,0.064927
29,94,0.023925
29,95,0.053532
29,96,0.030314
29,97,0.014212
29,98,0.031351
29,99,0.23976999999999998
29,100,0.017001
29,101,0.035828
29,102,0.0034847000000000003
29,103,0.050083
29,104,0.005235
29,105,0.0025024
29,106,0.050113
29,107,0.0086084
29,108,0.0062162
29,109,0.0
29,110,0.013487
29,111,0.0
29,112,0.10328
29,113,0.00089036
29,114,0.042807
29,115,0.10962
29,116,0.011505
29,117,0.023418
29,118,0.038468
29,119,0.027676999999999997
29,120,0.017939
29,121,0.047063
29,122,0.020486
29,123,0.1054
29,124,1.8356e-05
29,125,0.02804
29,126,0.036713
29,127,0.056187
29,128,0.049583
29,129,0.027671
29,130,0.06697299999999999
29,131,0.012673
29,132,0.039828
29,133,0.012777
29,134,0.0001272
29,135,0.051403
29,136,0.020897
29,137,0.0089029
29,138,0.1393
29,139,0.1393
29,140,0.1124
29,141,0.0066286
29,142,0.0019061
29,143,0.013161
29,144,0.0020888
29,145,0.13657000000000002
29,146,0.06935000000000001
29,147,0.037336
29,148,0.065852
29,149,0.033205
29,150,0.033205
29,151,0.041759
29,152,0.0
29,153,0.048488
29,154,0.003475
29,155,0.085159
29,156,0.047082
29,157,0.003475
29,158,0.0047643
29,159,0.074237
29,160,0.23135000000000006
29,161,0.00063794
29,162,0.0038875
29,163,0.0012515
29,164,0.028015
29,165,0.043186
29,166,0.0181
29,167,0.00033124
29,168,0.0
29,169,0.042371
29,170,0.052644
29,171,0.078235
29,172,0.083351
29,173,0.10275
29,174,0.027234
29,175,0.043482
29,176,0.011862000000000001
29,177,0.036912
29,178,0.012837000000000001
29,179,0.011602
29,180,0.051684
29,181,0.010232
29,182,0.040752
29,183,0.010860000000000002
29,184,0.022825
29,185,0.055795000000000004
29,186,0.0
29,187,0.029681
29,188,0.0
29,189,0.1218
29,190,0.071753
29,191,0.024855000000000002
29,192,0.0071265
29,193,0.0
29,194,0.003553
29,195,0.013567
29,196,0.0
29,197,0.0
29,198,0.041992
29,199,0.0
29,200,8.434714034999999e-24
29,201,0.053576
29,202,2.053847219e-24
29,203,0.027648000000000002
29,204,0.0
29,205,0.0031648
29,206,0.0031648
29,207,0.0
29,208,0.035861000000000004
29,209,0.016503999999999998
29,210,0.0
29,211,0.034557
29,212,0.009978200000000001
29,213,0.00069838
29,214,0.099239
29,215,0.017624
29,216,0.0
29,217,0.046141
29,218,0.09235
29,219,0.0059451
29,220,0.038061000000000005
29,221,0.00023602
29,222,0.0015716
29,223,0.0043674
29,224,0.00046958
29,225,0.12669
29,226,0.00019338
29,227,0.017700999999999998
29,228,0.065957
29,229,0.019803
29,230,0.029513
29,231,0.0
29,232,0.0080304
29,233,0.061207000000000004
29,234,0.0076593999999999985
29,235,0.0012828
29,236,0.5169600000000001
29,237,0.0060095
29,238,0.0050502
29,239,0.08655299999999999
29,240,0.014828999999999998
29,241,0.009948899999999998
29,242,0.011021
29,243,0.0060857
29,244,0.0339
29,245,0.0018067
29,246,0.0036886
29,247,0.073126
29,248,0.009781299999999998
29,249,0.3917
29,250,0.18323
29,251,0.054297000000000005
29,252,0.1014
29,253,0.02483
29,254,0.0027095
29,255,0.036281
29,256,0.023257
29,257,0.0
29,258,0.31349000000000005
29,259,0.058785000000000004
29,260,0.011148
29,261,0.012901
29,262,0.004113299999999999
29,263,0.10861
29,264,0.034714
29,265,0.037228
29,266,0.11695
29,267,0.16956000000000002
29,268,0.038265
29,269,0.042416
29,270,0.21998
29,271,1.1507e-05
29,272,0.05821799999999999
29,273,0.028733
29,274,0.035565
29,275,0.037092
29,276,0.045198
29,277,0.0
29,278,0.0
29,279,0.15729
29,280,0.012378
29,281,0.008753799999999999
29,282,0.033158
29,283,0.31994
29,284,0.18442000000000006
29,285,0.044131000000000004
29,286,0.039137
29,287,0.0045789
29,288,0.13870000000000002
29,289,0.029566000000000002
29,290,0.0015876999999999998
29,291,0.0
29,292,0.0
29,293,0.054186
29,294,0.045637
29,295,0.033171
29,296,0.13659000000000002
29,297,0.047684
29,298,0.12217
29,299,0.0
29,300,0.06693500000000001
29,301,0.0
29,302,3.1231e-06
29,303,0.074558
29,304,0.11953
29,305,0.009063600000000002
29,306,0.11224
29,307,0.037834
29,308,0.11953
29,309,0.061491
29,310,0.039328
29,311,0.007470099999999999
29,312,0.0026213
29,313,0.0026213
29,314,0.044169
29,315,0.027176
29,316,0.015679
29,317,0.09512999999999999
29,318,0.0
29,319,0.035912
29,320,0.0016285
29,321,0.1112
30,1,0.12342751483071081
30,2,0.04730341247685572
30,3,0.08633053270495837
30,4,0.10139464889452188
30,5,0.09689268414195105
30,6,0.21580591827536644
30,7,0.13211499466517757
30,8,0.07073117085143145
30,9,0.06347143031641249
30,10,0.10732380987623377
30,11,0.12005260750902551
30,12,0.07787637587465082
30,13,0.09690995359573921
30,14,0.07209696068586277
30,15,0.12074796336124068
30,16,0.075315878794012
30,17,0.11613185273956905
30,18,0.2747150708601039
30,19,0.07400760704399963
30,20,0.09123543669503505
30,21,0.024640399684746045
30,22,0.09200600999733807
30,23,0.057052496620424234
30,24,0.09942959042913509
30,25,0.0705585327772179
30,26,0.11792934683872085
30,27,0.09430472555226359
30,28,0.08248066219255819
30,29,0.1731393938413701
30,30,0.16937053035701682
30,31,0.034733049501456115
30,32,0.07243186738705656
30,33,0.10158147856705019
30,34,0.13683158425918424
30,35,0.13914872553991897
30,36,0.12289552888447067
30,37,0.1286829363223549
30,38,0.04173499313115024
30,39,0.0960957936163018
30,40,0.07900685796311174
30,41,0.036229273395158614
30,42,0.061867686709815836
30,43,0.07599530913616213
30,44,0.08629025409703188
30,45,0.12667478831876794
30,46,0.0834434333026774
30,47,0.0945326714037194
30,48,0.058494086422614104
30,49,0.06115803324442092
30,50,0.24161770513800063
30,51,0.15949165336554644
30,52,0.08014831966495573
30,53,0.15043740443300568
30,54,0.04541299086018238
30,55,0.0429251953118517
30,56,0.17416049663911282
30,57,0.13441047775719042
30,58,0.1700318474833739
30,59,0.04850957054666008
30,60,0.03445109579842465
30,61,0.05041461978382512
30,62,0.08385678883609736
30,63,0.16677859307631332
30,64,0.07139573913895764
30,65,0.07979180540971993
30,66,0.04657736686255311
30,67,0.19706710460170027
30,68,0.13301103045912316
30,69,0.06759158119030047
30,70,0.15494797424056325
30,71,0.06918339028359533
30,72,0.08580420349810663
30,73,0.061063030024790126
30,74,0.07312281518616583
30,75,0.10386225357759507
30,76,0.24994297422424422
30,77,0.0870926793233328
30,78,0.1518810640562263
30,79,0.026921434393862125
30,80,0.030449585207231348
30,81,0.11726882254645438
30,82,0.042043637395293466
30,83,0.046859185077882816
30,84,0.03921388363370482
30,85,0.03788415441445386
30,86,0.030943726259656166
30,87,0.03254193234357375
30,88,0.07108061375341086
30,89,0.11451341132276399
30,90,0.04512989890731514
30,91,0.23992973078454832
30,92,0.025594109804756727
30,93,0.13312187433039505
30,94,0.08407328376567777
30,95,0.06431711787744289
30,96,0.17822878436743242
30,97,0.05657866483061016
30,98,0.025334527750973976
30,99,0.07721098683693858
30,100,0.04971969491893358
30,101,0.09225656336895603
30,102,0.16436871932850833
30,103,0.1033698846017559
30,104,0.22980338001640313
30,105,0.10683621846484935
30,106,0.026652072669266502
30,107,0.22429207570043808
30,108,0.03761217663602616
30,109,0.015004722576350096
30,110,0.21491933519235948
30,111,0.024871473583147546
30,112,0.16744756393346877
30,113,0.04173008624101252
30,114,0.08335612052442322
30,115,0.16944839973872228
30,116,0.04819005982116692
30,117,0.08812133684747436
30,118,0.163353674187704
30,119,0.0649854007169904
30,120,0.13753506344713567
30,121,0.1814693844996941
30,122,0.08054977519530292
30,123,0.032780190475881155
30,124,0.06465053679814567
30,125,0.08636964721513586
30,126,0.07255974131144596
30,127,0.11912224400665905
30,128,0.10275954309290393
30,129,0.08960644704031899
30,130,0.10968981085327457
30,131,0.1151453711067896
30,132,0.05368676910300145
30,133,0.1791088128545486
30,134,0.08209615979986942
30,135,0.11015580911027162
30,136,0.07614556998726517
30,137,0.13264329529514318
30,138,0.6629361696058378
30,139,0.6629361696058375
30,140,0.07465607052155589
30,141,0.17922816971631517
30,142,0.09017596700377518
30,143,0.1728768389560595
30,144,0.1360194228866163
30,145,0.03175027478277703
30,146,0.11369168687646589
30,147,0.04005636285980753
30,148,0.017972504302106763
30,149,0.8062337805694694
30,150,0.8062337805694694
30,151,0.035577158518997384
30,152,0.0751390706290921
30,153,0.03907970994172631
30,154,0.040445100970194034
30,155,0.025760532111482364
30,156,0.2157964593184027
30,157,0.04044510097019406
30,158,0.9163789756291923
30,159,0.11268134498437034
30,160,0.024035723377432046
30,161,0.7118457016753974
30,162,1.0
30,163,0.8190024537100022
30,164,0.14902495616376948
30,165,0.02755053965534953
30,166,0.8997853896443326
30,167,0.9924691673112367
30,168,0.9512826337969529
30,169,0.22640874639589995
30,170,0.13453225017900705
30,171,0.023431771346471165
30,172,0.15469642985497942
30,173,0.13588603837602373
30,174,0.1069487870705297
30,175,0.05687360216553853
30,176,0.057277229030761004
30,177,0.08379034876866012
30,178,0.12002904910227317
30,179,0.051893042261737646
30,180,0.05186358083163677
30,181,0.8467258134391082
30,182,0.09620872752746329
30,183,0.903787094922164
30,184,0.101653290393163
30,185,0.7284019165743758
30,186,0.5303304779309388
30,187,0.09696541370546925
30,188,0.13202697299852634
30,189,0.1434298234429571
30,190,0.08057326221545814
30,191,0.0869519289988005
30,192,0.7140772165513226
30,193,0.7287714618863982
30,194,0.7708797579661564
30,195,0.11347438998905272
30,196,0.5784564314803511
30,197,0.6045373212351312
30,198,0.7341176705837842
30,199,0.7144385602513071
30,200,0.753085919048658
30,201,0.2022043002346805
30,202,0.9724810527149819
30,203,0.17992353279181425
30,204,0.6765308832662709
30,205,0.10750201127692272
30,206,0.10750201127692272
30,207,0.6728983990063969
30,208,0.10673811878013978
30,209,0.6937291676979893
30,210,0.7573272811086902
30,211,0.7235126264406277
30,212,0.9288724075600655
30,213,0.6933535064293915
30,214,0.77576352824862
30,215,0.9215035677764433
30,216,0.7927076607271968
30,217,0.11573255804949788
30,218,0.894353232205161
30,219,0.7419576641805734
30,220,0.07212821591598279
30,221,0.16998700537125086
30,222,0.6102053807428535
30,223,0.6794141871217043
30,224,0.6207868360478083
30,225,0.09821215535325498
30,226,0.5886681155283179
30,227,0.10251255019555451
30,228,0.07482054022671521
30,229,0.05358324838039936
30,230,0.6839831958511837
30,231,0.8902488992118862
30,232,0.7545180709253798
30,233,0.7016978172065989
30,234,0.761190204759934
30,235,0.10410182360852671
30,236,0.3517105087759551
30,237,0.7139576346394509
30,238,0.7241572320586176
30,239,0.7681669053118707
30,240,0.671198483883333
30,241,0.7958811180364143
30,242,0.0866510609578766
30,243,0.6900480605699271
30,244,0.06869325617038542
30,245,0.6356103616086427
30,246,0.6924175521592211
30,247,0.0699286334595251
30,248,0.6931323006479808
30,249,0.8500852492832526
30,250,0.019416188856981566
30,251,0.6845427202333034
30,252,0.7648451920097993
30,253,0.7093388306981796
30,254,0.6727556918644457
30,255,0.7380113960656445
30,256,0.0488171329485607
30,257,0.07343056639537399
30,258,0.7025919435107021
30,259,0.11998142651133317
30,260,0.30588981065596427
30,261,0.24718248870064502
30,262,0.793788085280238
30,263,0.7284370345872603
30,264,0.609206412133509
30,265,0.497564609293891
30,266,0.5750674205627859
30,267,0.7122921583138339
30,268,0.06385814624759306
30,269,0.2295827051551629
30,270,0.6638561440926176
30,271,0.06433854294614202
30,272,0.7198065929256674
30,273,0.07357340126594042
30,274,0.030381730274147745
30,275,0.12393374722350509
30,276,0.5698714744026588
30,277,0.05548798448814139
30,278,0.05804089522022889
30,279,0.03697684455368365
30,280,0.10950491511385435
30,281,0.07792482182158109
30,282,0.07371319040339373
30,283,0.07775452612364296
30,284,0.7409721646054883
30,285,0.016137488120061196
30,286,0.10391135356459857
30,287,0.16256127593455388
30,288,0.0738009448702755
30,289,0.12013525889257574
30,290,0.11151229746126619
30,291,0.7692717858232868
30,292,0.43500138903160634
30,293,0.7358930229774892
30,294,0.1310816022496834
30,295,0.1919178481666039
30,296,0.13355439041648265
30,297,0.3510846148613134
30,298,0.52528333628147
30,299,0.07237689116145721
30,300,0.19970999342439993
30,301,0.6952319757977342
30,302,0.7735663636537082
30,303,0.14220144747172497
30,304,0.8941897192583927
30,305,0.7890514280951043
30,306,0.9418499101431054
30,307,0.1954296444863524
30,308,0.8941897192583923
30,309,0.11205035699710066
30,310,0.1663929834560659
30,311,0.6730309602410961
30,312,0.5365521298031256
30,313,0.5365521298031255
30,314,0.03403246088403635
30,315,0.126916130193893
30,316,0.5546051451998124
30,317,0.12969417455758908
30,318,0.5556213660900177
30,319,0.2946612690218579
30,320,0.7037753459361625
30,321,0.0465773668625531
31,1,1.4454898079999996
31,2,0.880043574
31,3,0.8309504671
31,4,1.6690820073999992
31,5,0.8688556008999999
31,6,0.6817968793000011
31,7,0.5941374785000003
31,8,1.5730070183000011
31,9,1.2110188943999993
31,10,0.661250620400001
31,11,1.3129905487000033
31,12,1.0262208184000003
31,13,0.9919069089000001
31,14,1.2151399747
31,15,0.6587857043000004
31,16,1.3334631786
31,17,0.6516819179000007
31,18,0.9804839865000003
31,19,1.3886298780000008
31,20,1.0501581583000026
31,21,1.3389868773
31,22,1.3213258601000004
31,23,1.9417312615999986
31,24,1.118527327
31,25,0.7043445859000002
31,26,0.6835430572000009
31,27,1.0741177800000032
31,28,0.9055616095000003
31,29,1.3051838090000005
31,30,1.3573987606000004
31,31,2.083824086999999
31,32,0.6174905219999999
31,33,0.6842566521000001
31,34,0.5981535756
31,35,0.5916685759999998
31,36,0.9390227530000002
31,37,0.5961218880000008
31,38,1.4258694083999999
31,39,0.680153519
31,40,1.2455800594000008
31,41,2.0059796793
31,42,0.6022984587000002
31,43,0.7326098908000008
31,44,0.6318359949999998
31,45,0.76376171
31,46,0.8090921395999998
31,47,0.734878608
31,48,1.6309753808000007
31,49,1.1853396840000003
31,50,0.6094968847000001
31,51,0.9386644259000001
31,52,1.9793483027000003
31,53,0.715342299
31,54,0.8108605629999999
31,55,0.8939444300000001
31,56,1.03101615
31,57,1.0365236696
31,58,1.241439992
31,59,0.8114980910000001
31,60,2.0774594065999987
31,61,1.4626361273999997
31,62,1.0435544051
31,63,1.3870219929999998
31,64,2.0420423633999993
31,65,1.2956861647000009
31,66,1.1972513898
31,67,0.8363024562999999
31,68,1.0238659110000001
31,69,0.8937045900000002
31,70,1.3192370035
31,71,1.5384329020999998
31,72,1.454420499900001
31,73,0.9289248329999996
31,74,1.3349701933000004
31,75,1.4133759382000013
31,76,0.5362005184000002
31,77,1.5371299926
31,78,1.2262059598000001
31,79,1.8340290310000014
31,80,1.7829818160999997
31,81,1.0909611898000005
31,82,1.1675104429000003
31,83,1.7075567358000008
31,84,1.7943295452
31,85,1.8962909462000004
31,86,2.1234571738000017
31,87,1.7548614290000013
31,88,1.9555438606000008
31,89,1.2214031062
31,90,1.9753670638999998
31,91,0.6581908120000002
31,92,2.1805574899000013
31,93,0.8332561599999998
31,94,0.5865215142
31,95,0.9441805935
31,96,0.6440504250000001
31,97,1.178735594
31,98,1.7309658928000007
31,99,1.1838653022000003
31,100,1.3732136385999998
31,101,1.2685109998999997
31,102,1.3005283140999997
31,103,1.1911746123
31,104,0.9203910404999998
31,105,1.4213158233999994
31,106,1.8432298859999994
31,107,1.0253832746999998
31,108,1.5789105306999989
31,109,1.4131496649
31,110,0.7010117423999999
31,111,1.1606395470000002
31,112,0.6855988774999999
31,113,1.3264460819000004
31,114,0.9356635492000005
31,115,0.7937030181000002
31,116,1.3348937913000003
31,117,1.1660522209999997
31,118,0.6290462686
31,119,1.3753329558000005
31,120,1.2665666085000002
31,121,0.6077896108000006
31,122,0.8065460212
31,123,1.993483526
31,124,1.4493086525999996
31,125,1.1252834446000002
31,126,0.7219084017000003
31,127,0.5626312409000002
31,128,1.2294556849999998
31,129,1.0170342097999998
31,130,0.662831853
31,131,0.1522337948
31,132,0.34638325400000014
31,133,1.6688202169999995
31,134,1.5414373670000001
31,135,1.14504474
31,136,1.2367427516999998
31,137,1.3110958446999996
31,138,1.0514146528000006
31,139,1.0514146528000006
31,140,1.2620644020999996
31,141,0.9915947759999999
31,142,0.6290719318000004
31,143,0.9856627489999998
31,144,0.6921361900000002
31,145,2.157284139800001
31,146,1.048864787000001
31,147,1.4061385740000003
31,148,2.3608793286000016
31,149,0.16792897
31,150,0.16792897
31,151,1.8601812374000004
31,152,1.2397775260000001
31,153,1.5898811460000004
31,154,1.3458775700000003
31,155,2.202554671899999
31,156,0.8136183842000001
31,157,1.3458775700000003
31,158,0.019816700000002633
31,159,0.9389408501000003
31,160,2.4081863340000003
31,161,0.25622965920000007
31,162,0.17749639
31,163,1.3231369212
31,164,0.6752991488000001
31,165,0.8194050799000006
31,166,0.273701770000003
31,167,0.04297956000000001
31,168,0.0
31,169,0.50138413
31,170,0.9013223636000005
31,171,0.8849854118
31,172,0.692700919
31,173,1.005901297
31,174,0.9568672619
31,175,1.2214642812999998
31,176,1.3959299820000008
31,177,0.9559627280000003
31,178,1.4643440194000032
31,179,0.9762118599999999
31,180,1.3396378469999997
31,181,0.5515105192
31,182,1.0764363516
31,183,0.4855829090000001
31,184,0.700125566
31,185,1.0682718732
31,186,1.3790854631999996
31,187,1.0304424302
31,188,0.39247698789999996
31,189,0.3049835740000019
31,190,0.7673932697000003
31,191,0.8929543123999997
31,192,0.5186318990000002
31,193,0.8721548307000004
31,194,1.0058316619000005
31,195,0.7476117901999998
31,196,1.1615841521999999
31,197,1.3297817733000001
31,198,0.3258376882000001
31,199,1.1654875539999994
31,200,0.1980927200000035
31,201,0.7459294584999999
31,202,0.15422207000000365
31,203,1.1701255808999997
31,204,0.0
31,205,0.1656736313000007
31,206,0.1656736313000007
31,207,0.066451226
31,208,0.6484901949
31,209,0.8710810215999999
31,210,0.0025014
31,211,1.32485886
31,212,0.6072146500000001
31,213,1.1140521468
31,214,0.7108213
31,215,0.37450948
31,216,0.0
31,217,1.1875777875
31,218,0.8300785430000002
31,219,1.587504966
31,220,0.7260442076999999
31,221,0.7703438
31,222,0.9513464951000002
31,223,0.8737654019999997
31,224,0.7063872080000002
31,225,0.743975101
31,226,0.5098111433000001
31,227,0.4603001625000001
31,228,0.8907067060000001
31,229,0.6421571179999999
31,230,0.7278433274000002
31,231,0.0
31,232,0.8877338499999998
31,233,0.7996908989999998
31,234,1.2173678392000005
31,235,1.044445943
31,236,1.3585892162999997
31,237,1.1683193823
31,238,0.44365410159999996
31,239,0.5216577913000003
31,240,1.1211700549999999
31,241,0.15062815140000066
31,242,0.444042806
31,243,1.4626680168999993
31,244,0.7187683536999999
31,245,1.0143733421000003
31,246,1.009251818
31,247,0.7244445381000004
31,248,0.38420290249999994
31,249,1.2176482278000005
31,250,1.363453459300001
31,251,1.2725094586
31,252,0.867360975700001
31,253,1.3358656893000014
31,254,1.2189112001000002
31,255,1.5536602617999997
31,256,0.7135583629
31,257,0.8999649249999999
31,258,0.8514045249000001
31,259,1.1600196033
31,260,1.5263537010000003
31,261,1.0672754188000007
31,262,1.1690284236000008
31,263,0.5182665346000008
31,264,0.20177916520000003
31,265,1.0050990490000005
31,266,1.4975920914
31,267,1.2554620144
31,268,1.1789948209
31,269,0.7568877559
31,270,0.44555950839999997
31,271,1.0757441614000003
31,272,1.0478806521000001
31,273,0.412943333
31,274,1.4642643029000002
31,275,1.0081320187999998
31,276,0.38817304399999997
31,277,0.7300446202000003
31,278,0.7083085825000008
31,279,0.8455390512
31,280,1.1574801890000006
31,281,1.2347488855999997
31,282,1.0697723029000006
31,283,1.1968057158000005
31,284,1.1187442294000007
31,285,0.7508224739
31,286,1.0006477477000002
31,287,0.6702324083000001
31,288,1.0151153380000006
31,289,1.286127883
31,290,0.9480375620000004
31,291,0.9278711710999998
31,292,0.6560814160000001
31,293,1.2834857804000008
31,294,1.1768307674999998
31,295,0.7616339989999998
31,296,1.4027241951000011
31,297,0.8474003127
31,298,1.0604690744999998
31,299,0.072751211
31,300,0.8448352920000001
31,301,1.2630811894999996
31,302,0.8186939421000002
31,303,1.2009670439
31,304,1.0800772737000004
31,305,0.563591933
31,306,0.7562375077
31,307,0.7967818327
31,308,1.0800772737000004
31,309,0.6079207506000001
31,310,0.745886157
31,311,0.3863765109000001
31,312,0.5866814667000007
31,313,0.5866814667000007
31,314,1.3945410136000005
31,315,0.7250485766000039
31,316,0.38484628499999995
31,317,0.8238188020999999
31,318,1.0633622676
31,319,1.6034788059
31,320,1.2017061811
31,321,1.1972513898
32,1,165.0
32,2,63.0
32,3,72.0
32,4,182.0
32,5,118.0
32,6,128.0
32,7,196.0
32,8,59.0
32,9,154.0
32,10,241.0
32,11,182.0
32,12,196.0
32,13,145.0
32,14,150.0
32,15,204.0
32,16,159.0
32,17,247.0
32,18,224.0
32,19,131.0
32,20,166.0
32,21,31.0
32,22,200.0
32,23,230.0
32,24,86.0
32,25,149.0
32,26,225.0
32,27,159.0
32,28,172.0
32,29,186.0
32,30,189.0
32,31,227.0
32,32,136.0
32,33,190.0
32,34,88.0
32,35,205.0
32,36,96.0
32,37,230.0
32,38,127.0
32,39,181.0
32,40,163.0
32,41,181.0
32,42,170.0
32,43,210.0
32,44,183.0
32,45,85.0
32,46,193.0
32,47,63.0
32,48,197.0
32,49,79.0
32,50,177.0
32,51,155.0
32,52,241.0
32,53,131.0
32,54,55.0
32,55,56.0
32,56,138.0
32,57,130.0
32,58,131.0
32,59,62.0
32,60,237.0
32,61,142.0
32,62,151.0
32,63,195.0
32,64,303.0
32,65,191.0
32,66,118.0
32,67,168.0
32,68,97.0
32,69,129.0
32,70,178.0
32,71,165.0
32,72,193.0
32,73,117.0
32,74,156.0
32,75,224.0
32,76,191.0
32,77,187.0
32,78,112.0
32,79,138.0
32,80,196.0
32,81,200.0
32,82,72.0
32,83,179.0
32,84,161.0
32,85,213.0
32,86,208.0
32,87,180.0
32,88,189.0
32,89,149.0
32,90,230.0
32,91,178.0
32,92,173.0
32,93,91.0
32,94,184.0
32,95,80.0
32,96,149.0
32,97,131.0
32,98,191.0
32,99,67.0
32,100,141.0
32,101,174.0
32,102,205.0
32,103,201.0
32,104,218.0
32,105,214.0
32,106,177.0
32,107,235.0
32,108,192.0
32,109,155.0
32,110,212.0
32,111,145.0
32,112,192.0
32,113,201.0
32,114,181.0
32,115,202.0
32,116,173.0
32,117,186.0
32,118,197.0
32,119,190.0
32,120,103.0
32,121,202.0
32,122,178.0
32,123,188.0
32,124,197.0
32,125,120.0
32,126,174.0
32,127,144.0
32,128,137.0
32,129,195.0
32,130,115.0
32,131,77.0
32,132,72.0
32,133,162.0
32,134,206.0
32,135,92.0
32,136,147.0
32,137,186.0
32,138,136.0
32,139,136.0
32,140,174.0
32,141,144.0
32,142,239.0
32,143,140.0
32,144,94.0
32,145,213.0
32,146,90.0
32,147,145.0
32,148,168.0
32,149,106.0
32,150,106.0
32,151,219.0
32,152,154.0
32,153,119.0
32,154,145.0
32,155,193.0
32,156,171.0
32,157,145.0
32,158,125.0
32,159,88.0
32,160,182.0
32,161,172.0
32,162,146.0
32,163,214.0
32,164,91.0
32,165,56.0
32,166,164.0
32,167,131.0
32,168,144.0
32,169,179.0
32,170,115.0
32,171,124.0
32,172,176.0
32,173,107.0
32,174,106.0
32,175,175.0
32,176,169.0
32,177,168.0
32,178,238.0
32,179,134.0
32,180,129.0
32,181,175.0
32,182,126.0
32,183,151.0
32,184,108.0
32,185,146.0
32,186,201.0
32,187,126.0
32,188,136.0
32,189,222.0
32,190,96.0
32,191,133.0
32,192,139.0
32,193,224.0
32,194,212.0
32,195,125.0
32,196,218.0
32,197,231.0
32,198,137.0
32,199,193.0
32,200,165.0
32,201,137.0
32,202,189.0
32,203,151.0
32,204,138.0
32,205,122.0
32,206,122.0
32,207,153.0
32,208,93.0
32,209,251.0
32,210,151.0
32,211,205.0
32,212,167.0
32,213,243.0
32,214,129.0
32,215,160.0
32,216,135.0
32,217,148.0
32,218,144.0
32,219,181.0
32,220,66.0
32,221,85.0
32,222,234.0
32,223,148.0
32,224,148.0
32,225,100.0
32,226,141.0
32,227,112.0
32,228,70.0
32,229,71.0
32,230,153.0
32,231,129.0
32,232,177.0
32,233,200.0
32,234,179.0
32,235,126.0
32,236,115.0
32,237,175.0
32,238,177.0
32,239,205.0
32,240,195.0
32,241,165.0
32,242,125.0
32,243,226.0
32,244,129.0
32,245,234.0
32,246,180.0
32,247,149.0
32,248,180.0
32,249,199.0
32,250,33.0
32,251,158.0
32,252,178.0
32,253,178.0
32,254,202.0
32,255,179.0
32,256,109.0
32,257,55.0
32,258,151.0
32,259,106.0
32,260,193.0
32,261,173.0
32,262,224.0
32,263,156.0
32,264,146.0
32,265,106.0
32,266,151.0
32,267,133.0
32,268,89.0
32,269,96.0
32,270,152.0
32,271,183.0
32,272,138.0
32,273,35.0
32,274,63.0
32,275,182.0
32,276,109.0
32,277,175.0
32,278,213.0
32,279,65.0
32,280,164.0
32,281,208.0
32,282,228.0
32,283,195.0
32,284,179.0
32,285,48.0
32,286,102.0
32,287,164.0
32,288,148.0
32,289,160.0
32,290,169.0
32,291,223.0
32,292,192.0
32,293,170.0
32,294,187.0
32,295,92.0
32,296,166.0
32,297,197.0
32,298,243.0
32,299,31.0
32,300,99.0
32,301,188.0
32,302,223.0
32,303,176.0
32,304,184.0
32,305,174.0
32,306,170.0
32,307,90.0
32,308,184.0
32,309,63.0
32,310,78.0
32,311,133.0
32,312,239.0
32,313,239.0
32,314,132.0
32,315,247.0
32,316,147.0
32,317,162.0
32,318,215.0
32,319,186.0
32,320,196.0
32,321,118.0
33,1,1560.1274377226905
33,2,68.88823213466709
33,3,190.20194214041277
33,4,404.13528271359155
33,5,56.00640785455918
33,6,3345.633785102295
33,7,285.6624803089557
33,8,841.794177903208
33,9,33.011034220925055
33,10,264.5726827627937
33,11,1905.6740580051742
33,12,89.3673111854686
33,13,92.69554035387567
33,14,47.47418080036841
33,15,364.03432396961125
33,16,34.70144207080437
33,17,305.05177902797095
33,18,1817.883992183307
33,19,550.3404505227421
33,20,83.68802077152615
33,21,1.2246730245397999
33,22,108.23966556396798
33,23,697.6642680920357
33,24,63.21682509372328
33,25,58.34310475053111
33,26,299.8842396759966
33,27,1245.7781548371818
33,28,66.25657685520304
33,29,383.54321241671215
33,30,390.06766171921856
33,31,115.1562865846548
33,32,57.66551165956518
33,33,170.77139532589413
33,34,454.240926857115
33,35,466.7482808056589
33,36,82.25554547487113
33,37,384.82724947372185
33,38,43.11355961604669
33,39,89.27765862918983
33,40,231.82524963621572
33,41,88.89065402843939
33,42,57.57137810953899
33,43,114.12608727939534
33,44,83.43172606565334
33,45,41.83667857981492
33,46,105.2043695544216
33,47,172.51242391221447
33,48,260.0473027634977
33,49,72.71108503272997
33,50,590.5275613257127
33,51,235.11114158179734
33,52,2791.519856127323
33,53,91.32634840515811
33,54,9.61619915604276
33,55,7.8015481795263435
33,56,106.52257222410063
33,57,77.30358928324377
33,58,155.06202580780055
33,59,18.07335000657888
33,60,154.11907573784882
33,61,66.04021213193549
33,62,131.7061076431861
33,63,526.1792742041483
33,64,973.6482954020887
33,65,462.5602628953042
33,66,76.34907960494645
33,67,350.17674927039127
33,68,107.78786461561488
33,69,59.00705797643374
33,70,305.13184004654784
33,71,197.47754500013272
33,72,334.49875954486765
33,73,41.775902418241664
33,74,137.5437505054812
33,75,205.21870149476442
33,76,943.1932538863407
33,77,2609.6953533004466
33,78,178.72434599226332
33,79,58.83074120620902
33,80,86.01849585974199
33,81,645.9999205337492
33,82,92.81493569358273
33,83,293.0688844554619
33,84,114.63773855956047
33,85,161.28636151813893
33,86,121.35291833130286
33,87,139.18326896425754
33,88,1807.8894061176295
33,89,91.27521525313489
33,90,423.16137810461765
33,91,564.1808901391299
33,92,37.56965023268426
33,93,302.63063613197266
33,94,87.29026956141391
33,95,305.6971498949583
33,96,221.66962078436757
33,97,79.92904633151807
33,98,65.71471803631682
33,99,24.80446392627178
33,100,82.0303223645657
33,101,232.30739835095622
33,102,606.5113726450221
33,103,1118.7256600048552
33,104,1532.371493171029
33,105,221.02505980880971
33,106,50.28831957948651
33,107,1506.5623164184003
33,108,237.91930156219075
33,109,36.7327791427918
33,110,959.3258122133717
33,111,62.019859406913056
33,112,325.0900333942255
33,113,307.0281838497658
33,114,162.8359257522058
33,115,653.8993490823542
33,116,192.61657125647
33,117,133.89417480614125
33,118,536.9885453505749
33,119,404.84729442427016
33,120,141.76516385736622
33,121,685.6140838137087
33,122,136.81655446691096
33,123,83.97346229286252
33,124,125.0586285480691
33,125,46.32438158867836
33,126,106.80427938145478
33,127,921.9344246123571
33,128,70.13343457729987
33,129,167.1617950980919
33,130,121.83346156569209
33,131,374.79549096277486
33,132,42.97520237831609
33,133,615.1633956409091
33,134,340.10895317882444
33,135,117.14386266306076
33,136,127.20906802482436
33,137,1443.866230521806
33,138,458.84113588805945
33,139,458.84113588805945
33,140,284.5508222932109
33,141,230.94678725992938
33,142,191.95105923303842
33,143,387.14188908531474
33,144,58.04167732526716
33,145,185.94685449622986
33,146,278.08128104032045
33,147,92.66401869636398
33,148,26.212313852674075
33,149,26.64428601422432
33,150,26.64428601422432
33,151,204.5419688513258
33,152,37.507609186467114
33,153,26.0648445030781
33,154,71.12062140779254
33,155,93.70967873958446
33,156,738.6232085875388
33,157,71.12062140779254
33,158,1049.958306368442
33,159,125.05301596964415
33,160,92.31152255621586
33,161,95.00743080365322
33,162,29.249320696990512
33,163,131.04402826316738
33,164,923.2554975603828
33,165,22.46597013121402
33,166,2210.5157991712563
33,167,35.64650067283059
33,168,0.0
33,169,400.7638059672383
33,170,530.7751796759338
33,171,11.226108220786948
33,172,278.9434226890437
33,173,307.48345891193264
33,174,294.32058401050017
33,175,276.72327161194397
33,176,226.9919560556578
33,177,117.69829476851075
33,178,466.6433916136015
33,179,43.46280185496853
33,180,42.56977197811183
33,181,158.0618252241903
33,182,81.74904827621421
33,183,63.17469825430787
33,184,125.12921413077883
33,185,145.5729040631964
33,186,156.34064040335778
33,187,50.8293144399183
33,188,1010.280150056507
33,189,2523.9323604078554
33,190,20.45813935083286
33,191,83.06813493887381
33,192,116.83586950656161
33,193,152.79243630920362
33,194,145.48002672824478
33,195,212.55882486693125
33,196,223.32659884901312
33,197,267.9703623598384
33,198,118.80889320671116
33,199,101.70808659855741
33,200,2278.751796954921
33,201,1871.2002601544905
33,202,8196.203294791947
33,203,2833.1329783655715
33,204,0.0
33,205,580.2353722222861
33,206,580.2353722222861
33,207,334.65309848713434
33,208,131.9836283066832
33,209,364.344984260623
33,210,1.8222814622169694
33,211,184.04323399569898
33,212,37.574306411587685
33,213,395.16753666463336
33,214,53.648345495293356
33,215,81.13614075572423
33,216,0.0
33,217,107.11904749597748
33,218,53.23378320745869
33,219,106.94934106759675
33,220,259.32653034106
33,221,60.773714154826386
33,222,299.45543396497925
33,223,40.932567515396165
33,224,39.96666244718926
33,225,195.9602171558287
33,226,35.71585883656694
33,227,163.03880317401965
33,228,20.21609775458959
33,229,39.543663956140975
33,230,55.353110679358345
33,231,0.0
33,232,47.20053052170678
33,233,136.1115369639346
33,234,83.05658431872567
33,235,53.38350842593408
33,236,249.42776049156672
33,237,41.71264110740502
33,238,72.95469333606526
33,239,1644.7796104349502
33,240,134.00710109973295
33,241,732.2322176138362
33,242,108.81752121840219
33,243,248.6331433433071
33,244,115.39544981608498
33,245,281.3168260327087
33,246,68.39687750652294
33,247,150.2294213860826
33,248,68.72751577640396
33,249,854.8730039943025
33,250,95.87250615512987
33,251,108.25712158772178
33,252,145.30548478939963
33,253,111.7872801844199
33,254,136.129068862964
33,255,44.38558815459112
33,256,62.05426449006076
33,257,54.95067225402647
33,258,60.513207871479935
33,259,375.13099641735204
33,260,763.3716134591627
33,261,1214.8469475892696
33,262,201.57018376549382
33,263,105.01873482348628
33,264,323.73708222967144
33,265,28.560886481680235
33,266,102.42464813454716
33,267,59.32982251702201
33,268,184.04893762657966
33,269,72.03697526585555
33,270,436.50342367029754
33,271,85.28439439169817
33,272,45.608750119762234
33,273,2.7730445938816697
33,274,30.368462148087726
33,275,92.21039932450888
33,276,58.42234136556884
33,277,62.24745246434013
33,278,122.92154477278973
33,279,46.44451719854118
33,280,62.01294486095731
33,281,149.08005522392696
33,282,245.34885440025454
33,283,433.2598192754229
33,284,196.75717370468362
33,285,7.315774667593429
33,286,344.7994922804386
33,287,101.6140826119449
33,288,80.77591363916956
33,289,58.18235427032276
33,290,78.16163775957452
33,291,165.68761692599222
33,292,142.10149579229505
33,293,265.4461238814279
33,294,132.26413407368636
33,295,44.934818072753465
33,296,64.17601225897658
33,297,333.8352942899859
33,298,767.7237844879555
33,299,2.9021644335858308
33,300,41.756043699417006
33,301,97.89391235225457
33,302,200.13249925078645
33,303,83.11869371912518
33,304,111.38543380970643
33,305,66.1965259064064
33,306,187.60880755770842
33,307,108.38735806250578
33,308,111.38543380970643
33,309,30.093867189986643
33,310,276.62552068585273
33,311,71.2389500602788
33,312,659.3548436949201
33,313,659.3548436949201
33,314,33.277640016631366
33,315,555.1298747387576
33,316,356.11589789532024
33,317,485.67717922564503
33,318,259.5196733636256
33,319,689.5922527672467
33,320,134.17200395612795
33,321,76.34907960494645
