"species","pu","amount"
1,1,133320000
1,2,320000
1,3,9320000
1,8,8780000
1,9,4660000
1,10,12590000
1,11,5e+05
1,12,650000
1,13,3380000
1,14,42870000
1,15,7190000
1,18,12350000
1,23,2040000
1,27,55370000
1,32,21580000
1,33,3670000
1,35,11740000
1,37,22020000
1,45,19850000
1,52,13480000
1,60,10290000
1,62,6820000
1,65,1e+06
1,66,101070000
1,87,1240000
1,89,2060000
1,90,19110000
1,93,2370000
1,94,15040000
1,103,750000
1,105,24030000
1,110,3950000
1,113,10880000
1,115,2750000
1,118,460000
1,119,9900000
1,121,280000
1,123,940000
1,125,10510000
1,130,10860000
1,138,380000
1,139,540000
1,142,11350000
1,148,2280000
1,151,7040000
1,158,1950000
1,161,15780000
1,163,3110000
1,164,5820000
1,165,260000
1,166,24270000
1,170,11090000
1,172,22910000
1,174,190000
1,178,27330000
1,182,25390000
1,321,11700000
2,185,9420000
2,190,4610000
2,204,780000
2,207,2150000
2,209,4e+06
2,212,1360000
2,213,2130000
2,215,3830000
2,221,8490000
2,231,12720000
2,232,120000
2,237,23430000
2,239,6890000
2,249,1.6e+07
2,255,10550000
2,259,1650000
2,260,8390000
2,268,3130000
2,271,13250000
2,275,5750000
2,278,1720000
2,280,5330000
2,283,2720000
2,290,610000
2,318,5580000
2,319,19470000
3,1,60000
3,4,970000
3,5,3870000
3,6,5290000
3,7,6940000
4,24,1e+06
4,42,510000
4,43,680000
4,44,560000
4,48,640000
4,61,3280000
4,70,250000
4,79,130000
4,80,110000
4,88,70000
4,99,3e+05
4,104,1650000
4,107,370000
4,133,60000
4,135,670000
4,140,1110000
4,143,370000
4,169,90000
4,189,1360000
4,193,830000
4,194,30000
4,197,3e+05
4,198,210000
5,205,940000
5,206,980000
5,242,470000
5,244,2e+05
5,247,4510000
5,256,370000
5,258,730000
5,262,450000
5,263,330000
5,264,780000
5,265,450000
5,266,480000
5,270,3500000
5,301,510000
5,309,3e+05
5,312,260000
5,313,220000
5,317,1780000
6,16,780000
6,17,3950000
6,19,16410000
6,22,160000
6,26,14170000
6,34,6100000
6,36,1310000
6,41,590000
6,46,1040000
6,47,3910000
6,49,9e+05
6,51,1610000
6,53,1060000
6,54,70000
6,55,80000
6,56,370000
6,57,570000
6,58,70000
6,59,320000
6,63,1110000
6,71,40000
6,72,1e+05
6,74,420000
6,76,9950000
6,78,3080000
6,82,180000
6,92,1350000
6,100,760000
6,102,1770000
6,122,11180000
6,129,8700000
6,154,380000
6,155,20000
6,156,20000
6,157,20000
6,159,4590000
6,160,3120000
6,188,2550000
6,222,3430000
6,225,530000
6,227,690000
6,269,1500000
6,273,730000
7,1,4020000
7,6,50860000
7,7,12800000
7,8,3620000
7,11,130380000
7,17,3790000
7,20,10250000
7,21,4620000
7,25,5620000
7,28,7300000
7,29,1.5e+07
7,30,1910000
7,31,39700000
7,33,148310000
7,38,810000
7,39,10880000
7,40,11100000
7,50,1160000
7,64,490000
7,66,370000
7,67,8560000
7,68,11960000
7,69,680000
7,73,190000
7,75,720000
7,77,4570000
7,81,5410000
7,83,1180000
7,84,1190000
7,85,4960000
7,86,10640000
7,91,290000
7,95,7990000
7,96,2100000
7,97,2030000
7,98,3290000
7,101,28130000
7,103,430000
7,106,13320000
7,108,2110000
7,109,12240000
7,111,2690000
7,112,2220000
7,114,62780000
7,116,290000
7,117,1330000
7,120,38430000
7,124,30710000
7,126,4310000
7,127,260000
7,128,5490000
7,131,2160000
7,132,2090000
7,134,12060000
7,136,7890000
7,137,55160000
7,141,580000
7,144,5960000
7,145,840000
7,146,28230000
7,147,6840000
7,149,57530000
7,150,260000
7,152,13360000
7,153,6e+05
7,162,13580000
7,167,16010000
7,168,9010000
7,171,13030000
7,173,1e+05
7,175,1110000
7,176,4170000
7,177,70000
7,178,3030000
7,179,1660000
7,180,130000
7,181,43910000
7,183,50000
7,184,5560000
7,185,202320000
7,186,4220000
7,187,122740000
7,314,2440000
7,315,45040000
8,191,1830000
8,192,10270000
8,195,780000
8,196,31430000
8,199,1070000
8,200,14060000
8,201,6690000
8,202,100080000
8,203,11620000
8,208,19140000
8,210,8050000
8,211,34350000
8,214,29360000
8,216,570000
8,217,89880000
8,218,16360000
8,219,17380000
8,220,2650000
8,223,8800000
8,224,3770000
8,226,23190000
8,228,35190000
8,229,21170000
8,230,67130000
8,233,210000
8,234,250000
8,235,8920000
8,236,15500000
8,237,15480000
8,238,14550000
8,240,37280000
8,241,43430000
8,243,15470000
8,245,13920000
8,246,2060000
8,248,3970000
8,249,17270000
8,250,8070000
8,251,19350000
8,252,16850000
8,253,11620000
8,254,53510000
8,255,360000
8,257,4060000
8,259,3770000
8,261,135600000
8,267,14950000
8,272,135240000
8,274,6720000
8,276,115360000
8,277,27460000
8,279,61210000
8,281,18060000
8,282,4520000
8,284,8540000
8,285,3410000
8,286,4450000
8,287,19730000
8,288,34490000
8,289,4390000
8,291,3260000
8,292,4310000
8,294,9360000
8,296,21720000
8,297,16680000
8,298,930000
8,302,5470000
8,303,5030000
8,316,3550000
8,319,15060000
8,320,18410000
9,293,1e+06
9,295,1590000
9,299,2360000
9,300,1850000
9,304,6170000
9,305,130000
9,306,810000
9,307,220000
9,308,90000
9,310,240000
9,311,810000
10,143,10000
11,5,10000
12,140,10000
12,299,20000
12,304,10000
13,9,10000
13,13,10000
13,52,20000
13,66,20000
13,321,10000
14,78,10000
14,81,10000
14,106,10000
14,114,20000
14,137,10000
14,149,10000
14,153,10000
14,168,10000
14,185,30000
14,191,10000
14,192,10000
14,196,10000
14,201,10000
14,202,10000
15,11,30000
15,19,10000
15,20,10000
15,22,10000
15,25,10000
15,29,20000
15,38,10000
15,51,10000
16,317,10000
17,226,10000
17,231,10000
17,238,10000
17,255,10000
17,261,10000
17,267,10000
17,272,10000
17,279,10000
17,281,10000
17,285,10000
17,291,20000
17,294,10000
17,297,10000
17,319,10000
18,1,30000
19,90,10000
19,110,10000
19,119,10000
19,121,10000
19,125,10000
19,170,10000
19,182,20000
20,198,10000
20,247,10000
21,12,6.5392
21,16,6.8135
21,20,6.495
21,25,6.5915
21,28,5.0027
21,44,6.7612
21,47,6.0431
21,48,5.4875
21,50,5.9987
21,52,6.4603
21,54,5.4256
21,58,5.0356
21,59,5
21,64,5.9356
21,66,6.8459
21,67,5
21,68,6.4759
21,69,5.9562
21,70,5
21,81,6.6823
21,93,6.9211
21,95,6.8559
21,98,5.1066
21,100,6.9804
21,126,5
21,128,6.9608
21,175,5.9248
21,195,5.6716
21,202,5.2045
21,203,6.2866
21,208,6.9924
21,246,6.1332
21,247,6.6119
21,250,5
21,251,6.3079
21,252,6.1476
21,255,6.7333
21,271,5.1576
21,298,5.7023
21,300,5
21,302,5.694
21,310,6.2106
22,2,8.3302
22,3,8.6618
22,6,7.7194
22,8,7.7926
22,14,9.2043
22,19,8.5641
22,21,9.0988
22,22,9.5666
22,23,8.5626
22,24,8.9177
22,26,7.936
22,29,7.7906
22,38,8.4154
22,41,7.6762
22,49,7.4501
22,56,9.0915
22,57,8.5508
22,60,9.3991
22,62,7.4775
22,63,7.5019
22,75,8.4053
22,77,7.3968
22,96,8.4835
22,97,7.4982
22,99,7.8885
22,101,8.7034
22,104,8.1552
22,108,9.043
22,132,8.4331
22,136,8.7435
22,137,8.4176
22,144,7.6738
22,145,9.3154
22,155,7.5756
22,157,9.4075
22,158,9.9482
22,162,8.849
22,165,9.2319
22,169,8.1492
22,186,9.0914
22,189,9.1632
22,191,8.3485
22,199,9.8361
22,201,9.6694
22,204,8.2066
22,220,9.5993
22,221,8.6721
22,223,9.5991
22,224,8.3867
22,245,9.6954
22,254,9.0646
22,266,8.5211
22,267,7.8605
22,307,7.7511
22,309,8.2578
23,1,13.621
23,7,13.579
23,9,10.844
23,10,14.358
23,13,12.564
23,15,11.169
23,17,10.139
23,30,14.332
23,31,14.102
23,33,13.468
23,35,14.852
23,36,12.551
23,37,10.039
23,39,12.17
23,40,14.079
23,42,10.346
23,46,14.458
23,73,13.858
23,74,10.318
23,76,10.124
23,84,11.505
23,87,14.675
23,88,13.338
23,89,11.87
23,94,14.294
23,102,10.916
23,103,14.757
23,105,11.863
23,106,12.54
23,115,11.722
23,119,13.462
23,123,14.972
23,125,14.449
23,134,10.544
23,138,10.786
23,147,10.631
23,148,11.364
23,152,14.759
23,161,13.722
23,166,14.705
23,171,14.916
23,172,10.767
23,183,10.849
23,184,11.657
23,185,14.473
23,187,12.669
23,188,11.489
23,190,12.13
23,192,11.171
23,200,12.254
23,206,10.148
23,210,13.534
23,213,10.834
23,215,11.308
23,218,10.641
23,222,13.041
23,225,12.86
23,226,10.605
23,228,13.521
23,229,12.725
23,231,11.472
23,232,10.924
23,233,10.315
23,237,12.915
23,240,10.152
23,242,10.864
23,244,11.336
23,248,11.764
23,249,10.454
23,253,13.724
23,256,12.872
23,258,11.806
23,259,12.9
23,260,14.357
23,261,14.941
23,262,14.584
23,270,10.818
23,275,13.376
23,280,10.565
23,283,12.35
23,284,14.252
23,286,12.973
23,291,11.608
23,292,14.947
23,297,12.802
23,303,13.724
23,308,12.402
23,315,14.433
23,317,14.79
24,5,15.702
24,18,21.708
24,32,16.326
24,34,19.915
24,43,18.384
24,45,18.454
24,61,18.056
24,72,20
24,78,26.239
24,79,20.136
24,82,29.458
24,83,22.617
24,85,25.42
24,86,25.316
24,90,15.277
24,91,18.561
24,107,28.458
24,109,15.611
24,110,15.108
24,113,16.672
24,114,20.163
24,116,19.169
24,118,25.553
24,120,29.36
24,122,25.412
24,124,27.125
24,127,20.416
24,129,26.191
24,131,19.74
24,135,16.39
24,139,17.578
24,140,20
24,141,20.163
24,142,20
24,143,18.172
24,149,27.381
24,150,21.677
24,153,25.198
24,154,20.641
24,156,26.482
24,159,24.352
24,160,15.373
24,163,28.503
24,164,17.529
24,168,23.658
24,170,17.926
24,173,24.933
24,174,22.407
24,178,29.716
24,179,18.809
24,180,24.558
24,181,18.191
24,193,18.615
24,194,24.164
24,196,20
24,197,19.318
24,198,25.227
24,205,21.112
24,209,19.121
24,211,15.783
24,212,19.301
24,216,23.473
24,217,23.212
24,227,17.639
24,230,18.91
24,234,18.25
24,236,16.14
24,238,19.723
24,239,20.177
24,241,20.938
24,257,18.469
24,263,17.482
24,264,24.285
24,265,18.393
24,268,16.881
24,269,16.864
24,273,27.235
24,274,18.687
24,276,17.764
24,277,26.359
24,281,23.14
24,282,17.288
24,285,15.341
24,287,15.168
24,288,28.578
24,289,24.973
24,290,24.933
24,294,27.715
24,295,16.084
24,296,21.695
24,301,20.666
24,305,18.599
24,312,18.258
24,313,29.616
24,314,19.072
24,316,29.621
24,319,19.39
24,320,15.88
24,321,16.547
25,4,60.362
25,11,81.516
25,80,35.13
25,92,32.281
25,111,44.961
25,112,31.275
25,117,31.466
25,121,40
25,130,50
25,133,46.862
25,151,34.664
25,167,36.732
25,176,40
25,207,33.352
25,214,31.886
25,235,42.438
25,272,30.155
25,278,36.742
25,279,30.341
25,293,35
25,318,34.443
