"Conservation Feature","Feature Name","Target","Amount Held","Occurrence Target ","Occurrences Held","Separation Target ","Separation Achieved","Target Met","MPM"
20,,23853801.540661,42024924.564899,0,5,0,0,yes,1.000000
19,,102797716.068924,103576134.743952,0,5,0,0,yes,1.000000
18,,3456201.354849,15185179.406914,0,1,0,0,yes,1.000000
17,,227195960.353977,234495027.398487,0,9,0,0,yes,1.000000
16,,148175890.094612,257855548.974208,0,8,0,0,yes,1.000000
15,,13102763.391318,17239044.521989,0,4,0,0,yes,1.000000
14,,6001996.155702,9013063.398455,0,3,0,0,yes,1.000000
13,,8931772.451034,10653142.203796,0,3,0,0,yes,1.000000
12,,352533215.344209,370256690.211860,0,6,0,0,yes,1.000000
11,,501908512.966683,547357445.569627,0,6,0,0,yes,1.000000
10,,551448418.822755,562736720.123770,0,4,0,0,yes,1.000000
9,,6062635.478561,11648980.197248,0,5,0,0,yes,1.000000
8,,1170071012.657410,1173345681.247671,0,11,0,0,yes,1.000000
7,,376396272.768339,387059092.501550,0,3,0,0,yes,1.000000
6,,283242187.381411,305240286.067937,0,5,0,0,yes,1.000000
5,,501694534.627578,532076776.739724,0,4,0,0,yes,1.000000
4,,145211448.600232,167338993.835854,0,4,0,0,yes,1.000000
3,,746665780.128168,840254733.358326,0,8,0,0,yes,1.000000
2,,213197082.166299,217968622.025470,0,5,0,0,yes,1.000000
1,,111056428.065240,186221621.128633,0,4,0,0,yes,1.000000
