"Conservation Feature","Feature Name","Target","Amount Held","Occurrence Target ","Occurrences Held","Separation Target ","Separation Achieved","Target Met","MPM"
20,,23853801.540661,51559299.878174,0,7,0,0,yes,1.000000
19,,102797716.068924,205178612.366367,0,7,0,0,yes,1.000000
18,,3456201.354849,15185179.406914,0,1,0,0,yes,1.000000
17,,227195960.353977,285046682.964906,0,7,0,0,yes,1.000000
16,,148175890.094612,431588089.401427,0,9,0,0,yes,1.000000
15,,13102763.391318,48923443.568532,0,5,0,0,yes,1.000000
14,,6001996.155702,7520259.553292,0,4,0,0,yes,1.000000
13,,8931772.451034,13195981.580009,0,5,0,0,yes,1.000000
12,,352533215.344209,370495473.599102,0,7,0,0,yes,1.000000
11,,501908512.966683,758171342.282939,0,10,0,0,yes,1.000000
10,,551448418.822755,574032614.928837,0,6,0,0,yes,1.000000
9,,6062635.478561,16553246.625329,0,3,0,0,yes,1.000000
8,,1170071012.657410,1175130087.726826,0,11,0,0,yes,1.000000
7,,376396272.768339,391418936.512878,0,3,0,0,yes,1.000000
6,,283242187.381411,286110524.234355,0,5,0,0,yes,1.000000
5,,501694534.627578,509574731.693183,0,7,0,0,yes,1.000000
4,,145211448.600232,145258476.104816,0,5,0,0,yes,1.000000
3,,746665780.128168,785785738.666117,0,14,0,0,yes,1.000000
2,,213197082.166299,293228130.755654,0,3,0,0,yes,1.000000
1,,111056428.065240,123125325.022837,0,4,0,0,yes,1.000000
