"Conservation Feature","Feature Name","Target","Amount Held","Occurrence Target ","Occurrences Held","Separation Target ","Separation Achieved","Target Met","MPM"
20,,23853801.540661,27238327.823942,0,4,0,0,yes,1.000000
19,,102797716.068924,143970216.317736,0,5,0,0,yes,1.000000
18,,3456201.354849,15185179.406914,0,1,0,0,yes,1.000000
17,,227195960.353977,322427583.975425,0,9,0,0,yes,1.000000
16,,148175890.094612,238908192.394366,0,3,0,0,yes,1.000000
15,,13102763.391318,14170598.598522,0,6,0,0,yes,1.000000
14,,6001996.155702,19596172.806323,0,4,0,0,yes,1.000000
13,,8931772.451034,12275980.191273,0,3,0,0,yes,1.000000
12,,352533215.344209,362889495.697427,0,7,0,0,yes,1.000000
11,,501908512.966683,530216382.597884,0,6,0,0,yes,1.000000
10,,551448418.822755,587740106.631788,0,4,0,0,yes,1.000000
9,,6062635.478561,8614296.046403,0,2,0,0,yes,1.000000
8,,1170071012.657410,1216602417.527270,0,9,0,0,yes,1.000000
7,,376396272.768339,402708597.727037,0,4,0,0,yes,1.000000
6,,283242187.381411,409865561.767151,0,5,0,0,yes,1.000000
5,,501694534.627578,502215215.698119,0,6,0,0,yes,1.000000
4,,145211448.600232,233052600.836421,0,3,0,0,yes,1.000000
3,,746665780.128168,761861059.992511,0,8,0,0,yes,1.000000
2,,213197082.166299,240486446.426991,0,2,0,0,yes,1.000000
1,,111056428.065240,145556396.815766,0,5,0,0,yes,1.000000
