"Run_Number","Score","Cost","Planning_Units","Connectivity","Connectivity_Total","Connectivity_In","Connectivity_Edge","Connectivity_Out","Connectivity_In_Fraction","Penalty","Shortfall","Missing_Values","MPM"
1,61.000000,61.000000,61,0.000000,0.000000,0.000000,0.000000,0.000000,0.000000,0.000000,0.000000,0,1.000000
2,62.000000,62.000000,62,0.000000,0.000000,0.000000,0.000000,0.000000,0.000000,0.000000,0.000000,0,1.000000
3,60.000000,60.000000,60,0.000000,0.000000,0.000000,0.000000,0.000000,0.000000,0.000000,0.000000,0,1.000000
4,60.000000,60.000000,60,0.000000,0.000000,0.000000,0.000000,0.000000,0.000000,0.000000,0.000000,0,1.000000
5,61.000000,61.000000,61,0.000000,0.000000,0.000000,0.000000,0.000000,0.000000,0.000000,0.000000,0,1.000000
6,61.000000,61.000000,61,0.000000,0.000000,0.000000,0.000000,0.000000,0.000000,0.000000,0.000000,0,1.000000
7,62.000000,62.000000,62,0.000000,0.000000,0.000000,0.000000,0.000000,0.000000,0.000000,0.000000,0,1.000000
8,60.000000,60.000000,60,0.000000,0.000000,0.000000,0.000000,0.000000,0.000000,0.000000,0.000000,0,1.000000
9,59.000000,59.000000,59,0.000000,0.000000,0.000000,0.000000,0.000000,0.000000,0.000000,0.000000,0,1.000000
10,59.000000,59.000000,59,0.000000,0.000000,0.000000,0.000000,0.000000,0.000000,0.000000,0.000000,0,1.000000
11,61.000000,61.000000,61,0.000000,0.000000,0.000000,0.000000,0.000000,0.000000,0.000000,0.000000,0,1.000000
12,61.000000,61.000000,61,0.000000,0.000000,0.000000,0.000000,0.000000,0.000000,0.000000,0.000000,0,1.000000
13,61.000000,61.000000,61,0.000000,0.000000,0.000000,0.000000,0.000000,0.000000,0.000000,0.000000,0,1.000000
14,60.000000,60.000000,60,0.000000,0.000000,0.000000,0.000000,0.000000,0.000000,0.000000,0.000000,0,1.000000
15,62.000000,62.000000,62,0.000000,0.000000,0.000000,0.000000,0.000000,0.000000,0.000000,0.000000,0,1.000000
16,60.000000,60.000000,60,0.000000,0.000000,0.000000,0.000000,0.000000,0.000000,0.000000,0.000000,0,1.000000
17,61.000000,61.000000,61,0.000000,0.000000,0.000000,0.000000,0.000000,0.000000,0.000000,0.000000,0,1.000000
18,59.000000,59.000000,59,0.000000,0.000000,0.000000,0.000000,0.000000,0.000000,0.000000,0.000000,0,1.000000
19,61.000000,61.000000,61,0.000000,0.000000,0.000000,0.000000,0.000000,0.000000,0.000000,0.000000,0,1.000000
20,61.000000,61.000000,61,0.000000,0.000000,0.000000,0.000000,0.000000,0.000000,0.000000,0.000000,0,1.000000
21,61.000000,61.000000,61,0.000000,0.000000,0.000000,0.000000,0.000000,0.000000,0.000000,0.000000,0,1.000000
22,64.000000,64.000000,64,0.000000,0.000000,0.000000,0.000000,0.000000,0.000000,0.000000,0.000000,0,1.000000
23,61.000000,61.000000,61,0.000000,0.000000,0.000000,0.000000,0.000000,0.000000,0.000000,0.000000,0,1.000000
24,59.000000,59.000000,59,0.000000,0.000000,0.000000,0.000000,0.000000,0.000000,0.000000,0.000000,0,1.000000
25,62.000000,62.000000,62,0.000000,0.000000,0.000000,0.000000,0.000000,0.000000,0.000000,0.000000,0,1.000000
26,62.000000,62.000000,62,0.000000,0.000000,0.000000,0.000000,0.000000,0.000000,0.000000,0.000000,0,1.000000
27,63.000000,63.000000,63,0.000000,0.000000,0.000000,0.000000,0.000000,0.000000,0.000000,0.000000,0,1.000000
28,61.000000,61.000000,61,0.000000,0.000000,0.000000,0.000000,0.000000,0.000000,0.000000,0.000000,0,1.000000
29,60.000000,60.000000,60,0.000000,0.000000,0.000000,0.000000,0.000000,0.000000,0.000000,0.000000,0,1.000000
30,61.000000,61.000000,61,0.000000,0.000000,0.000000,0.000000,0.000000,0.000000,0.000000,0.000000,0,1.000000
31,62.000000,62.000000,62,0.000000,0.000000,0.000000,0.000000,0.000000,0.000000,0.000000,0.000000,0,1.000000
32,62.000000,62.000000,62,0.000000,0.000000,0.000000,0.000000,0.000000,0.000000,0.000000,0.000000,0,1.000000
33,59.000000,59.000000,59,0.000000,0.000000,0.000000,0.000000,0.000000,0.000000,0.000000,0.000000,0,1.000000
34,60.000000,60.000000,60,0.000000,0.000000,0.000000,0.000000,0.000000,0.000000,0.000000,0.000000,0,1.000000
35,60.000000,60.000000,60,0.000000,0.000000,0.000000,0.000000,0.000000,0.000000,0.000000,0.000000,0,1.000000
36,61.000000,61.000000,61,0.000000,0.000000,0.000000,0.000000,0.000000,0.000000,0.000000,0.000000,0,1.000000
37,61.000000,61.000000,61,0.000000,0.000000,0.000000,0.000000,0.000000,0.000000,0.000000,0.000000,0,1.000000
38,59.000000,59.000000,59,0.000000,0.000000,0.000000,0.000000,0.000000,0.000000,0.000000,0.000000,0,1.000000
39,60.000000,60.000000,60,0.000000,0.000000,0.000000,0.000000,0.000000,0.000000,0.000000,0.000000,0,1.000000
40,62.000000,62.000000,62,0.000000,0.000000,0.000000,0.000000,0.000000,0.000000,0.000000,0.000000,0,1.000000
41,59.000000,59.000000,59,0.000000,0.000000,0.000000,0.000000,0.000000,0.000000,0.000000,0.000000,0,1.000000
42,60.000000,60.000000,60,0.000000,0.000000,0.000000,0.000000,0.000000,0.000000,0.000000,0.000000,0,1.000000
43,60.000000,60.000000,60,0.000000,0.000000,0.000000,0.000000,0.000000,0.000000,0.000000,0.000000,0,1.000000
44,60.000000,60.000000,60,0.000000,0.000000,0.000000,0.000000,0.000000,0.000000,0.000000,0.000000,0,1.000000
45,62.000000,62.000000,62,0.000000,0.000000,0.000000,0.000000,0.000000,0.000000,0.000000,0.000000,0,1.000000
46,60.000000,60.000000,60,0.000000,0.000000,0.000000,0.000000,0.000000,0.000000,0.000000,0.000000,0,1.000000
47,61.000000,61.000000,61,0.000000,0.000000,0.000000,0.000000,0.000000,0.000000,0.000000,0.000000,0,1.000000
48,60.000000,60.000000,60,0.000000,0.000000,0.000000,0.000000,0.000000,0.000000,0.000000,0.000000,0,1.000000
49,59.000000,59.000000,59,0.000000,0.000000,0.000000,0.000000,0.000000,0.000000,0.000000,0.000000,0,1.000000
50,61.000000,61.000000,61,0.000000,0.000000,0.000000,0.000000,0.000000,0.000000,0.000000,0.000000,0,1.000000
51,61.000000,61.000000,61,0.000000,0.000000,0.000000,0.000000,0.000000,0.000000,0.000000,0.000000,0,1.000000
52,61.000000,61.000000,61,0.000000,0.000000,0.000000,0.000000,0.000000,0.000000,0.000000,0.000000,0,1.000000
53,62.000000,62.000000,62,0.000000,0.000000,0.000000,0.000000,0.000000,0.000000,0.000000,0.000000,0,1.000000
54,61.000000,61.000000,61,0.000000,0.000000,0.000000,0.000000,0.000000,0.000000,0.000000,0.000000,0,1.000000
55,60.000000,60.000000,60,0.000000,0.000000,0.000000,0.000000,0.000000,0.000000,0.000000,0.000000,0,1.000000
56,60.000000,60.000000,60,0.000000,0.000000,0.000000,0.000000,0.000000,0.000000,0.000000,0.000000,0,1.000000
57,61.000000,61.000000,61,0.000000,0.000000,0.000000,0.000000,0.000000,0.000000,0.000000,0.000000,0,1.000000
58,59.000000,59.000000,59,0.000000,0.000000,0.000000,0.000000,0.000000,0.000000,0.000000,0.000000,0,1.000000
59,61.000000,61.000000,61,0.000000,0.000000,0.000000,0.000000,0.000000,0.000000,0.000000,0.000000,0,1.000000
60,61.000000,61.000000,61,0.000000,0.000000,0.000000,0.000000,0.000000,0.000000,0.000000,0.000000,0,1.000000
61,61.000000,61.000000,61,0.000000,0.000000,0.000000,0.000000,0.000000,0.000000,0.000000,0.000000,0,1.000000
62,60.000000,60.000000,60,0.000000,0.000000,0.000000,0.000000,0.000000,0.000000,0.000000,0.000000,0,1.000000
63,62.000000,62.000000,62,0.000000,0.000000,0.000000,0.000000,0.000000,0.000000,0.000000,0.000000,0,1.000000
64,59.000000,59.000000,59,0.000000,0.000000,0.000000,0.000000,0.000000,0.000000,0.000000,0.000000,0,1.000000
65,61.000000,61.000000,61,0.000000,0.000000,0.000000,0.000000,0.000000,0.000000,0.000000,0.000000,0,1.000000
66,61.000000,61.000000,61,0.000000,0.000000,0.000000,0.000000,0.000000,0.000000,0.000000,0.000000,0,1.000000
67,59.000000,59.000000,59,0.000000,0.000000,0.000000,0.000000,0.000000,0.000000,0.000000,0.000000,0,1.000000
68,61.000000,61.000000,61,0.000000,0.000000,0.000000,0.000000,0.000000,0.000000,0.000000,0.000000,0,1.000000
69,62.000000,62.000000,62,0.000000,0.000000,0.000000,0.000000,0.000000,0.000000,0.000000,0.000000,0,1.000000
70,61.000000,61.000000,61,0.000000,0.000000,0.000000,0.000000,0.000000,0.000000,0.000000,0.000000,0,1.000000
71,61.000000,61.000000,61,0.000000,0.000000,0.000000,0.000000,0.000000,0.000000,0.000000,0.000000,0,1.000000
72,61.000000,61.000000,61,0.000000,0.000000,0.000000,0.000000,0.000000,0.000000,0.000000,0.000000,0,1.000000
73,62.000000,62.000000,62,0.000000,0.000000,0.000000,0.000000,0.000000,0.000000,0.000000,0.000000,0,1.000000
74,60.000000,60.000000,60,0.000000,0.000000,0.000000,0.000000,0.000000,0.000000,0.000000,0.000000,0,1.000000
75,62.000000,62.000000,62,0.000000,0.000000,0.000000,0.000000,0.000000,0.000000,0.000000,0.000000,0,1.000000
76,59.000000,59.000000,59,0.000000,0.000000,0.000000,0.000000,0.000000,0.000000,0.000000,0.000000,0,1.000000
77,60.000000,60.000000,60,0.000000,0.000000,0.000000,0.000000,0.000000,0.000000,0.000000,0.000000,0,1.000000
78,60.000000,60.000000,60,0.000000,0.000000,0.000000,0.000000,0.000000,0.000000,0.000000,0.000000,0,1.000000
79,62.000000,62.000000,62,0.000000,0.000000,0.000000,0.000000,0.000000,0.000000,0.000000,0.000000,0,1.000000
80,62.000000,62.000000,62,0.000000,0.000000,0.000000,0.000000,0.000000,0.000000,0.000000,0.000000,0,1.000000
81,62.000000,62.000000,62,0.000000,0.000000,0.000000,0.000000,0.000000,0.000000,0.000000,0.000000,0,1.000000
82,60.000000,60.000000,60,0.000000,0.000000,0.000000,0.000000,0.000000,0.000000,0.000000,0.000000,0,1.000000
83,60.000000,60.000000,60,0.000000,0.000000,0.000000,0.000000,0.000000,0.000000,0.000000,0.000000,0,1.000000
84,61.000000,61.000000,61,0.000000,0.000000,0.000000,0.000000,0.000000,0.000000,0.000000,0.000000,0,1.000000
85,61.000000,61.000000,61,0.000000,0.000000,0.000000,0.000000,0.000000,0.000000,0.000000,0.000000,0,1.000000
86,60.000000,60.000000,60,0.000000,0.000000,0.000000,0.000000,0.000000,0.000000,0.000000,0.000000,0,1.000000
87,61.000000,61.000000,61,0.000000,0.000000,0.000000,0.000000,0.000000,0.000000,0.000000,0.000000,0,1.000000
88,61.000000,61.000000,61,0.000000,0.000000,0.000000,0.000000,0.000000,0.000000,0.000000,0.000000,0,1.000000
89,61.000000,61.000000,61,0.000000,0.000000,0.000000,0.000000,0.000000,0.000000,0.000000,0.000000,0,1.000000
90,59.000000,59.000000,59,0.000000,0.000000,0.000000,0.000000,0.000000,0.000000,0.000000,0.000000,0,1.000000
91,61.000000,61.000000,61,0.000000,0.000000,0.000000,0.000000,0.000000,0.000000,0.000000,0.000000,0,1.000000
92,60.000000,60.000000,60,0.000000,0.000000,0.000000,0.000000,0.000000,0.000000,0.000000,0.000000,0,1.000000
93,62.000000,62.000000,62,0.000000,0.000000,0.000000,0.000000,0.000000,0.000000,0.000000,0.000000,0,1.000000
94,62.000000,62.000000,62,0.000000,0.000000,0.000000,0.000000,0.000000,0.000000,0.000000,0.000000,0,1.000000
95,60.000000,60.000000,60,0.000000,0.000000,0.000000,0.000000,0.000000,0.000000,0.000000,0.000000,0,1.000000
96,61.000000,61.000000,61,0.000000,0.000000,0.000000,0.000000,0.000000,0.000000,0.000000,0.000000,0,1.000000
97,61.000000,61.000000,61,0.000000,0.000000,0.000000,0.000000,0.000000,0.000000,0.000000,0.000000,0,1.000000
98,62.000000,62.000000,62,0.000000,0.000000,0.000000,0.000000,0.000000,0.000000,0.000000,0.000000,0,1.000000
99,60.000000,60.000000,60,0.000000,0.000000,0.000000,0.000000,0.000000,0.000000,0.000000,0.000000,0,1.000000
100,60.000000,60.000000,60,0.000000,0.000000,0.000000,0.000000,0.000000,0.000000,0.000000,0.000000,0,1.000000
